"Li" "Na" "Mg" "K" "Ca" "Mn" "Fe" "Cu"
1517.07671673396 87721.4466302253 2682.15685931266 1104.37696871238 39938.0332712932 480.202276574806 341.400206701182 12.5
125.398313917323 77460.2768773881 13368.6961878162 4767.43889227023 37816.5825199856 30.1067074552784 224 13.9221431937323
2935.51519346381 73034.8637688461 15590.2980208424 9740.84294758843 38653.9277977241 152.430302673756 846.509418761432 254.830331665416
958.494713168118 74193.7578015231 46386.8365964599 10588.787563029 42245.029311192 326.124431102124 1761.89147970165 5358.61858040347
2314.35172656123 53292.1231414243 54856.416257257 9047.35888644456 70784.6285103566 566.688390863079 1521 166.306208579682
69 23690.5134994144 70468.0482371196 34299.5262553066 82962.4630967715 140 1608 78.5
2430.4845459628 97770.8215205614 1921.04278288626 2264.58425414623 10177.9617859322 129.559186578749 4430.0892404499 201.115432553116
5278.12334076207 94578.8760854974 2778.67467484375 1586.5645085739 28640.759242715 470.531103800946 846.222330063072 10
400.284962532352 92994.6818728756 2460.07628827965 1345.74326315974 31795.1095192985 349.513046581279 413.193198756038 121.549614215362
2869.39854527169 87249.425676961 4295.29965377709 1750.21147134791 26425.5330493934 453.007720556169 459.603926534318 16.4917190943901
1259.68047491983 78665.8537814975 9007.8885204951 4071.64517383671 25652.419414272 142.372530410058 606.329296077008 17.7329712743654
2627.81634147909 82234.8774349427 5574.66900138977 1329.23329425237 34659.2605096689 278.873601333255 109 17.9729281696294
3418.1228862844 82442.7831782501 6187.50709697665 1544.62354077971 36819.016415224 240.226948914558 237.066100340159 26.9591564232797
2590.6493569722 81329.3251202907 5984.25934243748 1426.96950628768 39182.9710058439 371.232894881443 407.684241067642 18.4919569527075
2317.86132733147 78853.7107525646 5572.38195320808 1828.17680595515 39759.5348771088 173.538262642834 433.04680268983 41.0089408878729
1885.95999540685 73576.7626966152 22057.3168409311 7203.31599116111 28825.0639251054 73.7273524049838 508.369479411843 7
2640 90700 5520 3090 25700 260 90 27.9692174714009
510 42800 54800 25600 76100 80 900 60
650 21500 55900 34900 105900 180 2100 1310
3070 88700 5580 9580 10350 90 1150 60
3200 109700 5180 2120 47600 280 195 11
3070.19237366059 85800 4190 1880 31700 250 550 13.5
877.162096815287 88600 2160 1340 44230.7433012703 370 155 14
3720 75000 18700 4010 30800 87.2285366390588 460 25.7290706885658
1120 61300 21600 10100 57900 95.7393193064723 275 17
504.37836628136 35143.9114293736 7743.81523318764 14123.183893459 116970.930056926 33.6792347006865 275.518560841151 16.5100985113618
604.651137674701 59272.9886558831 29967.5520965859 5034.14176469308 47552.6478311667 112.840154298267 242.161484675871 15.8846849723068
861.687081218895 49392.968314102 26358.0711633468 7912.10478613191 68800.5093492137 46.6629063896835 360.78566268133 4.60036055017892
913.500236128641 48594.3110378994 13446.1433686805 9240.43046771223 87594.4901703202 83.4916410219972 484.955061517992 8.55806109698365
788.903510696914 45039.8631320345 23063.3669395584 9499.98107538443 80350.1860940117 100.211303297719 1063.34930139817 18.6643556264377
3715.59737337618 45492.2920141124 23555.2186560007 7259.24862055562 80366.9199780893 164.916652652062 2725.85749479682 14.4394762517397
1762.38141168441 37839.8839820561 29137.4222462526 11043.5692930441 83917.3622081428 134.557148676151 1666.46547262954 13.3039999659692
12878.5708406783 21158.963653169 38474.0698651684 15406.6672704259 98331.1969252141 41.5069572884873 690.814013504776 17.1115194698665
423.045869807107 93108.4715693137 2461.27596952984 362.884250662449 27545.4391562384 41.1979546245829 337.382863367948 32.1600183510055
18.442803991418 83159.6200937232 17820.464641453 2899.50791786086 22354.6911250646 47.469024602812 531.036888449515 55.815134572622
41.8988854864171 77613.6262715733 16407.6124167613 8344.41430007778 30780.471201819 330.220724020722 814.2796933605 77.64170604978
788.41420414638 70106.1818806732 15819.319495569 6344.68712856811 46762.7237330747 27.2384781840396 630.596349712482 25.1454256761157
1445.5323822714 68020.4558644978 17521.7848513624 4905.87738909741 49174.4326220947 76.6281288175074 538.366999319168 11.5532666662858
1431.96800685738 63455.3258049311 15015.0099825175 6689.6740068746 59865.116983399 68.7310392542064 535.598005235475 5.2167502997424
168.473671587328 61904.5605115365 25984.1215957702 4843.35559444346 48483.3165354206 46.7120072300169 488.174192353161 2.18191606924295
1723.29906186863 60129.9505779039 26976.6926962395 6254.26771845468 49366.3222964609 203.730865927929 540.18000288287 20.3037751676032
3411.97603932953 59700.041641577 20323.5172146578 5087.10961343078 60358.1357763302 31.8639558860952 323.234690781777 22.5867872661902
1262.77623493321 40638.693148459 32272.9082035186 6281.84167678764 77628.3979927272 102.958975572945 168.736437577824 12.8799701269022
6739.73668386737 18617.8496311443 38878.2329246818 11577.7690611138 105057.335080611 53.173257741915 434.329573832006 29.3507805428237
438.894341815021 17120.3248188904 36996.5892180166 24594.7226135409 34733.5159075404 605.719760688546 4726.29450149223 3.45
1869.92412175642 41801.4789701687 30322.7619014195 10087.6877003337 29982.2697616725 245.325092064237 2272.34172724381 16.5
200 10721.3082594007 47337.4471455008 24529.1724570549 26692.4749011059 140 253.213188736325 140
332.300447292257 95653.1447758073 13308.5041629167 6167.20266576841 18000.6736551477 615.789493766791 1818.96730291549 60
3897.23102578152 30504.4261487174 31610.3664611306 8613.34666900927 27952.6727452217 540.924981632537 8225.8300082583 105
7525.26185946641 25171.0492954126 29071.1664567991 12069.7100756951 30608.9749392895 105 295.330267529644 115
6601.08628625171 68276.2801902309 20869.0454696622 929.846486679947 15517.5200324956 241.701811144288 293.046847218916 102.008129578598
1499.18756662196 56679.881512409 31634.0032622049 13853.717653935 14643.5774792219 411.982333403828 1324.36275010952 403.782093931472
1560.80361416649 50411.2489829422 34809.6127397698 11569.6696722861 16191.3916145123 278.173889111526 1144.44799028614 132.67555768329
4972.41543453791 50077.7066673471 32076.2852867635 11838.9398396476 11164.9295624394 230.68138850386 1015.77709517371 159.914159467147
7873.31528992316 47750.7922320539 23354.061776622 8633.63785276896 20578.0876088467 496.1039390394 1218.74594128568 65.8642443394708
5668.99010868823 54254.1636020819 19322.3190325502 11411.5284940958 25760.3578068683 1031.94305410616 1642.35968161628 78.8894560011429
3940.1732334024 60548.0192423745 20066.6815883271 12876.3342250571 24002.6104934971 936.880827566467 641.407451892926 40
7458.92401736779 37554.3321662036 26761.706407176 22642.6977856569 17952.7099612626 393.06698328434 1230.16154187745 80
7325.12932669771 30101.735376515 37198.292324759 15812.8955572967 11348.4612059272 315 259.944116073298 240
732.867321989543 63834.6624137647 20508.5011568516 4122.61259380167 35495.4486724602 109.476492770736 176.631957077346 155.869163540142
920.906160632493 89389.8445880406 12629.9303109911 4402.69431455393 25320.6158279737 162.067457120682 746.033935570304 103.220937776967
552.699604250864 100404.151079435 8678.76797615843 3281.24334583285 24587.624455147 129.222682333256 104.719891445611 17.5
2321.41882409316 83308.0659964753 11506.1342312355 5653.61687411582 28072.162368018 143.740887142976 438.930380332285 39
81.0822695062879 53994.5980898278 27936.849694577 3099.05296957175 34136.9376858598 190.548879108139 117.539650594904 33.8002829883564
2207.50059590984 55681.1028602716 24985.3275933875 5523.24555356798 30069.1491922084 109.627368302339 213.250965204527 228.322635776283
891.139827485768 58569.492171381 31671.681261459 3503.46844886694 18153.5364240777 212.864322340108 4121.99335128441 570.025965419083
1838.23754026389 46685.6642853299 28435.0826988845 10712.286959798 30788.6023484263 42 32.4402529118704 40.5
3139.39787457523 65461.3979167077 18400.7671899645 3115.60263418295 30401.9001770084 38.1473545742268 1256.20807476813 61.2252737261869
2273.74570574952 72146.6778449464 15187.4266645181 12151.9502842719 27501.4764040397 29 1524.69543260757 144.84326849216
1555.7180938996 10845.7051923761 30902.0256779716 34231.4549902454 45215.5184863172 182.669516186108 221.132161754023 27
3376.09896992593 15993.8888740845 39266.1892480892 12080.0666922595 33065.8382152431 516.915255160898 181.431924263114 36
753.602504905894 22590.845145872 43476.5776880191 11755.0159975877 24989.5549642775 460.641786364668 4986.3178105685 35.9247370845361
1394.12367776661 22817.9845564027 40518.8208574958 11654.3378027992 30458.366289852 446.100695227955 1075.24150938959 60
NA 54401.1278362863 30278.9110430262 7673.57100191296 23297.0127116374 1092.75258488699 NA 559.499469048391
3723.83451681132 35039.2063790279 25616.4290937908 17966.5369640913 35087.446759601 399.119000637093 415.051432877442 120
1160.79954944663 24511.7842794988 41316.9386504207 10936.4577618419 25553.3000924532 486.161762703134 5626.17760782389 47
750.005020827271 14452.8280405746 44092.7185442762 16316.4564617886 27640.6937880275 269.788402208777 6557.5103937339 12
977.764151702941 6461.67069732675 46408.6688332617 17816.7709106488 27427.380981658 878.611386759883 7850.06241743762 75
NA 28372.0436988911 36117.6097641799 7879.38703140955 30929.017349718 360 10186.1846895851 300
5461.50722258277 39122.9308089185 34344.3463872544 7646.63240809641 18142.9684736518 160 55 135
1500 20458.1288548626 19784.460485463 9897.84065608457 45280.2367515489 2756.56487072256 16280.6207262409 6262.45263905909
835.423301572846 10325.6890494953 48000.2753511154 11981.3553292405 30595.4346655344 180 663.606418883324 165
500 121046.314154535 6343.08480084882 4842.62467305861 6113.378805286 275 2307.00748928268 220
4180.79890050529 14685.5465080067 42189.9632472063 26345.3322072034 19310.0582626841 162.732794679824 1799.84471659085 17.9111984679637
9910.89243342267 32131.7923709792 17582.299284628 6801.09221214774 40203.3193717185 43 68.5667393467994 39.5
1150 24474.9871864796 22417.7794679248 32953.7525145486 41369.3554176023 950 1884.00965722892 600
3438.83851043135 55709.8607536749 16201.0291249666 2532.137681241 40049.1984257361 265.65843168262 3292.95218042373 12.5
3280.8896271275 63793.0225147562 26195.6030431128 7084.99277054861 14250.0289930409 435.516344208362 3892.4842083865 16.8865861482153
811.778666490603 23594.3447520061 39199.5907710599 16501.5430613586 27215.0944070444 673.332387733032 6786.48224202323 16
8847.55572786448 14244.6168982872 33181.7327262593 38226.8322342039 12927.1888562333 750 3275.91510507005 440
11999.7116107506 25452.8989247822 28835.1935502286 20607.8609238634 10611.326460601 445.612807476387 4571.29715541795 645.377788429478
NA 32617.6996203378 39048.466433545 13829.9308429694 18660.5029205717 750 11529.5478229953 550
10820.0862420147 14972.0370158121 37049.6533821339 5381.49474510064 14455.699472473 230 3422.21126878416 5069.90102284375
11732.5408552357 48350.9767725454 10639.1361376319 18649.740938062 24617.4905159743 240 1770.4866381677 125
4564.19719385403 23686.2305944805 38461.8029027135 7347.06966583174 23827.8450915554 85 5425.20617006976 46.5
4629.46643128534 20244.3082398761 26700.6237480509 10254.6487646134 46401.796513984 1259.15601920902 NA 551.694075638587
NA 6783.70421488039 26052.5711283388 7700.82915284227 64035.3381943856 850 11457.1074439236 1488.80560696547
1611.10370351339 63600.5461365158 21976.2202446505 25862.9786263675 17288.8473621415 600 919.41788687471 465
2073.45426935466 13607.4457995144 52982.5926962388 12392.7736617062 16519.8524422893 54.0964007759696 646.973624498363 19.5
NA 23562.2396817184 46286.3526275362 19783.6529236937 13513.1993344908 395 8340.8569922952 280
14722.2425692014 29188.960932545 22330.8914280585 5394.33373873948 20470.6058857536 532.396951899014 1135.6060674261 60
9876.70453876327 49448.8858200523 14462.887349097 9174.85636367221 26626.3035464226 883.345447340389 1900.56882712836 37
6505.62148943417 45531.5604225229 12231.0819250429 41065.0543686834 27745.4852371338 458.628004840288 1146.44471449912 110
11518.090318607 24022.8685576184 22566.2220505513 19112.3283888483 26228.8299185627 500 NA 1221.8304986043
5027.05117809373 44659.7115235111 31935.0584732222 18677.8319740979 11729.4676619238 1100 NA 323.044750851966
3643.30817238187 39779.9193770248 30987.7753451674 16856.0794541034 23534.822214264 75 720.254503750409 228.630596059437
3999.48461759343 20768.420424724 33851.9925696575 4050 37624.6275765577 500 200 470
15994.4374681017 21473.2821173542 23867.645234291 2500 19089.0518794483 315 1584.86056164647 1529.22188403373
2150 23422.4564482127 30001.4356920393 950 29904.1969916392 1200 4713.48635524981 1200
5843.78930711099 18688.803947998 35822.2818214118 8051.25887311901 31276.2823982223 115 1488.75047032301 100
8952.01631426352 22710.6339929236 24182.6628982793 9525.16274313138 35980.2443873209 140 2818.23310982708 929.726779452619
1704.40848854605 11160.0176579322 29310.261987981 7052.86326101954 61432.5184567502 260 110 240
6555.48637918471 14136.655996645 46043.1534806339 6989.24380528639 14170.942675065 320 3015.30248326413 295
75 139283.355085037 2945.07354256744 3365.08565707675 1321.54458327844 36 194.375438940537 159.45499376445
2300 57303.5292032814 12761.863546434 14000 21278.9592125147 1400 8891.31539152011 650
2977.07344544983 59032.348562815 20457.7203737207 43844.987498875 8893.33609212392 188.867371065513 5370.74786535315 304.444633001188
2122.22911067893 57658.6722502218 37269.5271936376 6849.50693390331 7367.18134188505 75 698.116702108832 107.5557590296
2137.9167207197 69877.4947556458 14250.7414141527 34955.4613023238 18464.5369071344 290 2210.21631513712 395.883185882421
1562.19726566808 78235.0874521717 9864.40435950317 9786.26052939124 34795.4677358702 115 813.126412796593 98.1417481039514
200 100145.284917886 4099.37688374077 35883.5354724827 15712.8395036861 145 315.710610081602 297.307179483966
2769.54999209298 68049.9141691585 19159.0787977925 5369.83578666187 27357.3862128732 85 203.038229036479 74.3710235065935
600 43340.6115175816 33467.6528600255 10314.399597375 23979.1941596693 405 3970.88508438422 140
1222.32535655127 69877.5629760613 29437.0846295057 2550 12974.1124372995 300 231.270669122599 110
238.255830619455 77862.4386891196 9664.36725831991 8860.09466312117 39883.5714598721 235.232406387997 410.599837446267 19.5
206.18870984702 49144.5831613425 17214.2849991873 8514.87114426916 51423.6149895057 135.101025266205 2310.01692315456 4.9
240.490630452337 19938.2491660821 31236.9006194944 8884.98119535538 53282.9967644307 184.360092259767 1870.29246614975 9
806.942784640725 124202.835859463 9626.96925486228 4578.8491713662 636.07937400636 283.536945812269 418.486067227152 45
2797.5844769674 82759.4036968229 6259.43237232393 7283.51143312009 34240.0786382911 275 737.242516695701 145
3166.29904687821 120082.264246239 587.431757047599 5489.12063399569 11001.2573973783 135 1412.44671393236 75
2287.29659673427 86819.322027582 14387.0771459834 1800 21110.3535228233 145 467.697200348634 80
90 58615.9904385078 10026.2103632698 28207.0288275799 46940.4457441814 105 1501.22257020578 340.061697730447
23 122302.907974907 8377.5044852086 1446.13582004113 8487.76388578297 15.5 283.147984762781 8.5
3922.7321412002 68656.2606967445 18383.1820935315 23138.49283204 14894.4791831147 250 1490.79917723151 95
261.013185059165 13802.1020759122 16538.8398785033 13834.8095375092 79930.7469383382 366.930834940573 2191.35154883737 14.5
5632.05051906561 50543.6448019836 11171.5986764583 45995.8856284441 17167.4676205335 2200 7260.88540432699 850
1150 48293.5156342633 8304.89717805609 41036.0363658888 39619.2455769193 800 5638.71943258728 1354.23479313172
1242.69503913121 67146.6864226424 17864.19541511 2000 35333.4962506537 1850 307.668608278283 135
7629.45572037706 89321.6253987932 10507.3890901763 13100.5769378109 4649.12745081863 1550 1622.66481295228 226.497988936097
2106.93264975951 81473.2911357396 19017.9728993362 11407.4560925918 11886.0714794363 270 3999.96774927929 185
950 72226.2826278649 1680.55324875335 21244.2570878011 45810.5556772966 500 1119.60448587392 300
1537.07743873145 80245.3789032872 1354.14322501026 5232.04277248108 49896.1317687373 130 332.641777311656 85
1482.89397557179 63706.0868811346 15888.4831575302 16282.8810759081 34202.9893415686 110 1019.35748503261 70
833.553799587777 48266.4916301046 1816.50523760931 41437.576609733 58226.0342949392 105 3499.39396096398 45.5
3591.99446189125 74257.822953961 6302.44379936558 51625.3027442376 16899.529295275 160 1127.23445762781 70
5268.69990466402 67258.1497368546 20289.9242905537 9148.46310773205 16904.8205308576 275 393.009687176093 125
1850 38364.1533167127 5987.75734995633 32896.827588434 54081.8012003009 1600 480 1796.97487315616
518.986243041508 131504.078262258 6290.11510240895 2174.78396118242 1721.88218299826 50 857.542636203722 100.182596663398
105.151127521798 32207.5294321998 1685.49711881922 3233.19240561715 96165.3364828817 600.229980060028 70.498645163833 23.5
1683.37291370995 63378.8242734333 6470.22657073355 14283.3341092206 50729.7810559925 145 758.915927741593 150.042443414276
1438.99157718328 58518.8578032145 26694.3616112898 5641.79228124429 27062.4580041579 85 136.8822516844 123.015598389791
1563.87600866384 48927.391325013 11867.9642699682 9882.15518514109 56977.9775887263 235 467.379490913744 120
1889.13934519229 33083.3828344921 31316.7817010239 9759.21819729182 35942.0340428351 115 2772.86733841239 187.233183753305
796.268520428066 66072.5176980932 12778.4292282546 9395.73840414519 42941.9907085528 86.5265992966379 1029.94995820891 19.9914579332
3867.1604376024 38274.0142406062 24361.3359221291 15145.5689509572 34181.130911035 67.5173110775961 3784.47335121604 58.8354473791017
227.52000567387 25029.7682824878 26256.8049532001 9280.66969140418 56887.7610326823 80.9019231978738 1978.4425021211 148.306734738782
2719.48003937348 63287.5253894048 18885.4267246362 5695.16236566328 25433.5971588937 85.8800949345411 9685.39068419108 60.0964448633567
544.203023776766 35337.4229739767 26928.175021401 10535.0697358149 45354.3389219315 60.4639895224584 2293.61106259148 6.5
546.692364308695 58168.9489655972 18010.3419733167 13232.9155495935 40277.7488984581 18.5 534.960129870129 15.5
229.398650846169 19487.513894994 21772.0927987798 16707.0702676917 64684.0260123864 166.770613249995 3074.58945613457 3.1304937165011
571.904725169827 14145.8135258717 30058.6542468877 12714.0141214843 57561.0200782227 43.1242609672299 1717.26890913372 10.5
2355.45177843142 52905.1990040437 23678.7698332963 5173.67224294321 34184.2253255771 52.6372328827714 615.932999684647 180.863253938777
1155.00315227491 56407.6287134222 14289.6930754205 22928.445453503 40626.0347042853 219.732656840086 745.570121993598 3.95
656.577692040037 75377.8768436295 10662.0119438576 8321.91436990477 39931.4771242523 55 234.309631351583 47.5
1086.17438289483 46584.5078117506 29022.953771099 12637.6763406641 30472.4828634847 41 858.719776878493 37
657.750133327019 45086.251934928 26897.3904441618 6623.59991675321 40309.3016377499 79.0801533468444 94.15452754078 9.5
777.990195799762 41538.9117081393 24719.1426176717 20500.2912469445 31236.8590303487 114.873574656354 11334.3157663689 114.436696127861
3547.71139179943 21230.4716397321 37757.3355596047 7119.82502795269 31244.2540424246 140 4047.86270805966 233.904777527698
224.467934756617 64079.1309752091 12269.2126196611 24296.8782670638 39508.9715631848 118.081286391185 1035.05500947126 7.5
268.946679523966 57407.6213070406 20264.1389123006 7440.82857059942 40691.0763071861 88.4474835128734 694.151848718333 3.67311270423191
1588.03534198516 12495.9930750137 22710.3028203804 6253.9476256461 70495.2103598567 135.684198679812 2326.91304908807 18.1906649789324
NA 31458.6933781941 26342.6924546371 18077.4721006854 43012.3548949046 90 6401.7705277336 532.387745992638
NA 46391.1845796107 20338.9163624149 11167.7434915894 46182.0687001313 44 4500.22589939813 34
310.32475267373 25872.9190436826 25801.8371035733 11359.0836511242 55171.7131366684 26.5 2669.41742657361 28
193.807288336471 39065.6216413444 32596.9978351549 9048.58737169949 34109.2422514175 127.893511324626 2571.26067257999 32.5
182.491280375131 49268.3619770919 28522.9809395885 6107.37950852153 32944.5491216683 91.7332185200135 3674.47411513268 12
2016.50504501374 17045.0670200894 22459.3076668745 13076.5996698481 63635.7169263309 60.1174233705202 1247.94567357011 16.5
285.854164205952 43782.0231722774 15374.5983321933 11170.4865791245 57163.915510115 56.3738007051695 2773.37531942484 13
550 12182.4282649949 28488.39268616 2750 53280.5455067915 325 15326.1836756179 395
421.721674614596 27257.8564644993 19307.2507761947 9413.0211275991 66058.3435320329 25 1827.01678128955 30
534.263573100592 14548.0095971198 24678.8854339207 8243.96643770806 68453.7734426964 160.274378075027 1727.52652036025 21.0093312042381
409.371769320638 28161.3059689296 16000.6361605858 7640.34883549357 72692.6250070066 57.3463616562271 720.099237333969 13.5
141.682973579671 5399.29543910503 22957.4144934137 5677.69531438372 82986.1144159802 55 346.091871297678 55
765.248584465549 51537.3765399735 20584.4163454397 20152.8602089171 37026.5359307991 12.5 1517.47866153609 28.470002348872
1930.76122898061 34099.014036735 25647.747069919 7722.90090193313 44867.5473804242 190 3177.9268394586 180
1729.3557050951 92415.9926369817 5700.54146374482 5982.66060690744 31049.6913758446 254.444859152018 650.635899635187 75
954.828631437629 46416.1981455552 31726.6119407901 9239.5828665163 28667.8799083464 46.371409682948 404.856260163146 72.5387297347854
392.974196269591 16562.4781500536 22034.0121508323 13280.2336946308 69098.2773030653 47.544590393747 989.170871974801 33.3636458791931
273.780715497426 62480.7416555862 17917.1596434263 7895.66786920625 38866.9956687554 43.8912835071828 2409.36131232029 6.07435215273373
1879.22420392849 98908.2393611924 8700.14426982229 4402.92505841998 21246.1126443099 40 291.783459734288 40.5
2813.48672626265 73612.8078242258 9701.5323781152 8734.67082988326 36776.8391376535 33.5 379.322482941506 34.5
11283.615046179 45352.7709698618 20707.220701247 5500 14892.1091187431 485 467.365003940394 3008.45056927517
500 52957.894078225 40460.5998653309 1850 8405.75483193384 355 3231.07748823207 250
6754.63448300249 81363.7978233385 10922.0031900809 4741.48852118454 18580.470021305 105.13823750763 437.820251938488 53.211937139352
346.97003207236 84423.2760233642 13299.5275263958 2356.90685560208 31091.471176232 182.916835333772 296.530862687433 29.5
1650 22527.2240663504 31957.7833754204 8500 33855.4912305194 1350 NA 950
2998.06821908792 73996.2876681789 10475.7299797839 19370.4313894029 28593.503829367 190.800992386747 709.618106374214 19.188959872605
1631.54931305222 106277.16169957 5008.46395939572 968.337767082594 21713.3363992051 160.511060002296 2806.97469380659 29.7382547166569
547.733751909545 94170.4884752394 3994.17120435294 4490.32169106611 36063.1759677688 185.790008074908 645.18435729705 9.5
1050.10748143932 114081.272975343 4125.78717756903 1925.67326337735 19519.9502142357 153.87471189211 145.197386936394 34.6556779104532
6003.24486035826 95030.4808073031 5556.69643593211 10152.9918418318 14554.5377911495 310 0 200
40.2070124217712 74238.4993668959 19444.3579674424 3016.28178623363 30804.1289915195 47.9221892312068 591.387080239884 29.8720437274104
9040.60987987967 89160.1582245019 5634.28936135469 8662.67521402413 11297.8968001716 126.79897256742 1576.57990397072 69.6142557310838
10402.3160353521 47647.4368438538 19407.6593210184 7995.79822212952 19859.2012478728 203.840108689686 2879.09969017593 167.294630672822
818.665426131299 65877.586134976 21153.2967461969 4205.44845814029 31643.4725790746 211.745864443481 1304.42066256523 14.024132784648
386.4818052831 77959.3145773583 9101.11240990144 4036.37326997667 42635.0325578754 302.30905692947 877.631926031122 21
3878.27892771753 74720.0329916409 14066.6000564889 3646.11133130476 25639.5852289082 131.286046317178 3634.87212239263 65.5158637657773
261.384769158952 78056.1728793232 18025.7002113802 4149.87227773326 28818.5984329711 46.1285271052116 371.724263175234 1.9417809122075
121.86214522703 76005.2552214033 18736.2978241079 3002.53355386253 30382.1020874068 50.1303274285886 389.700567063931 1.82802927839281
1182.63855364384 86142.6282680977 9630.48482769975 2951.79742827968 33794.0905342784 147.071713108463 58.1970735635889 7.5
700 74483.6928379913 11074.390523889 12779.6330666887 32323.7388815361 500 2447.16384448823 440
50 23104 11140 19937 86759 1200 6969 114
22 20909 3186 62241 62655 202 12128 4362
63 33212 11975 8528 75975 450 1008.5 34.5
100 21605 12751 18950 81630 1002 12248 25
15 29418 10430 19565 79622 1455 7487 100
41 19602 12175 17017 89080 566 8200 38
60 20078 17130 10793 85585 553 6055 81
20 19143 9504 12979 90514 669 8016 93
299 27058 8965 18758 84145 433 4907 14
38 25608 8385 23263 82954 664 3438 171
102 31187 20502 8895 63294 351 226.5 7
32 2111 6679 11696 96197 562 18484 25
34 1091 15445 9519 85445 555 7109 36
11 5046 4792 10165 103502 405 9067 22
21 2926 13039 9562 90165 840 4373 84
20 21406 10975 7692 77059 166 4549 11.5
64 10833 25723 8960 63535 106 617.5 120
21 8801 10689 8156 48028 522 17398 88
30 21117 9919 9288 68679 432 2078 14.5
23 24600 11080 7706 68187 963 519.5 17.5
30 22597 11006 2162 73238 71 864 26.5
165 24106 5864 6684 61331 68 927.5 23.5
125 27867 15823 2973 35868 420 252.5 6.5
67 17840 4531 9328 69259 46.5 11828 1769
19 22209 12200 11297 65477 143 1492 18
133 17690 583 1028 53231 30.5 1563 202
145 20949 7848 1884 33245 181 5599 26.5
41 19976 19413 13611 62793 221 1736 8.5
74 25795 18390 5376 55313 417 1098.5 31
5 18261 8659 4497 44806 113 184.5 5.5
12 19495 14869 9699 80334 231 2271 27
31 19204 7982 5574 95570 160 5562 5
111 28341 26383 12514 58434 91 1433 85
109 25170 16715 10927 73529 152 2668 9.5
24 23095 13054 5230 53805 238 4816 53
132 38880 5804 3960 49458 284 1439 45
203 48073 6087 6975 38630 225 818.5 30.5
20 31583 8785 5646 51639 102 259.5 8.5
31 25702 9126 11429 82340 274 3440 9
26 31053 11118 4412 62400 354 2872 10.5
233 47964 8649 6311 52406 215 703.5 21
17 24957 6510 9412 77243 439 6955 19.5
16 27904 13583 3334 61095 3371 1340 36.5
28.5 32547 15702 4766 46053 1038 982 34.5
36 27574 8412 6598 67302 114 1303 39
262.5 50938 3507 7849 37487 566 1196.5 34.5
225 48781 3059 7126 41778 367 264.5 6
236 43342 2959 4562 42200 331 7429 338
242 46705 4315 1621 47604 231 525 43
565 42138 1939 2342 52936 225 1790 1342
268 36011 3958 4111 25497 1217 36865 155
80 49565 4735 4107 41530 349 194 4.5
228 50551 2774 7083 35897 323 8769 14
265 48087 3808 2557 45904 375 492 32
134 57092 3671 4408 36732 182 390 16
85 11303 2475 2925 78166 260 1604 30.5
52 29462 6414 3602 52892 579 1321.5 170
66 22611 11786 16350 40628 593 2403 2964
84.5 50137 14271 17185 65159 5873 5877 1952
31 26932 2909 71118 32432 389 3640 360
137 12621 9983 6829 92292 423 1468 45
10 4056 2903 22985 98656 25.65 5217 238
49 8137 10078 10321 90650 4477 765 117
12 43471 8089 60786 26493 655 10927 197
24 4906 15668 34867 69003 314 5289 44
