"Rc/Ra" "d37Cl" "d81Br" 
0.704204 0.769057 0.632761 
0.654827 0.280502 0.137510 
0.160660 0.477911 0.579634 
0.638913 0.239788 0.201199 
0.132039 0.540530 0.514569 
0.695103 0.681957 0.644706 
0.752160 0.730996 0.713335 
0.183737 0.523072 0.612280 
0.578246 0.232910 0.167791 
0.209997 0.521408 0.563366 
0.582454 0.226853 0.176733 
0.769597 0.712654 0.708177 
0.762495 0.729810 0.666746 
0.143579 0.473566 0.518632 
0.600332 0.197685 0.138477 
0.635393 0.734385 0.248531 
0.638736 0.245752 0.186412 
0.126295 0.407853 0.536638 
0.715619 0.699999 0.671552 
0.751742 0.724195 0.690397 
0.607482 0.271242 0.136387 
0.127025 0.468445 0.494793 
0.654290 0.246652 0.268139 
0.126415 0.456544 0.539641 
0.684621 0.694039 0.708491 
0.680406 0.748807 0.701549 
0.651135 0.230963 0.133156 
0.157636 0.522986 0.495921 
0.771259 0.714191 0.662850 
0.146894 0.514131 0.508427 
0.560179 0.291432 0.167205 
0.614407 0.235498 0.216596 
0.747561 0.749286 0.658290 
0.145084 0.550408 0.575051 
0.141883 0.441972 0.459489 
0.723884 0.732333 0.735485 
0.652756 0.253237 0.262897 
0.201463 0.485063 0.552624 
0.752013 0.750128 0.709327 
0.610261 0.211271 0.206610 
0.164220 0.524868 0.524999 
0.740461 0.716467 0.727114 
0.657353 0.240504 0.150939 
0.671806 0.745192 0.674847 
0.151181 0.474037 0.498680 
0.674474 0.278265 0.200593 
0.760032 0.752000 0.701324 
0.187399 0.542943 0.495620 
0.570593 0.226606 0.136082 
0.690778 0.736939 0.732972 
0.126964 0.409868 0.529006 
0.666525 0.260538 0.226239 
0.733767 0.744736 0.697169 
0.634508 0.251631 0.170518 
0.163240 0.506338 0.551743 
0.161586 0.495898 0.579908 
0.639775 0.239004 0.124730 
0.751154 0.757143 0.626228 
0.746485 0.705523 0.704803 
0.120709 0.504265 0.529470 
0.628983 0.256909 0.153988 
0.228117 0.467854 0.520009 
0.595653 0.243049 0.130676 
0.738100 0.764092 0.715936 
0.169258 0.474386 0.503161 
0.730409 0.753503 0.703046 
0.620769 0.255784 0.166420 
0.727618 0.697209 0.727858 
0.130870 0.502486 0.534760 
0.603615 0.202799 0.196903 
0.709691 0.695206 0.661859 
0.132695 0.537102 0.541586 
0.636445 0.240422 0.150407 
0.711130 0.774002 0.732353 
0.146859 0.416895 0.511485 
0.630775 0.214978 0.251342 
0.719288 0.690846 0.659436 
0.121544 0.535694 0.521329 
0.639046 0.260955 0.226228 
0.745204 0.745641 0.658742 
0.175320 0.489217 0.543296 
0.596346 0.197951 0.207178 
0.583388 0.220005 0.177345 
0.757893 0.731826 0.643965 
0.190939 0.471251 0.564646 
0.705719 0.778061 0.655545 
0.659244 0.292418 0.154428 
0.134364 0.400957 0.552465 
0.729355 0.733586 0.663439 
0.594080 0.220424 0.195228 
0.148322 0.483481 0.498593 
0.740152 0.713106 0.668479 
0.602468 0.215260 0.150061 
0.129351 0.555715 0.542708 
0.156952 0.483018 0.503707 
0.738102 0.739590 0.720820 
0.633701 0.245805 0.138965 
0.570268 0.298826 0.195253 
0.134539 0.513973 0.537759 
0.760771 0.706364 0.638964 
0.742887 0.763062 0.713758 
0.650943 0.242413 0.233014 
0.168616 0.437993 0.493469 
0.708841 0.712457 0.725358 
0.152233 0.490919 0.511827 
0.638479 0.247516 0.132292 
0.128335 0.406337 0.557122 
0.693835 0.786115 0.685172 
0.665473 0.250969 0.166109 
0.635473 0.222385 0.180657 
0.127317 0.415084 0.541634 
0.698481 0.780751 0.657356 
0.717286 0.777698 0.708347 
0.648648 0.267001 0.130570 
0.127473 0.416939 0.508306 
0.135053 0.530533 0.528939 
0.558463 0.754838 0.202198 
0.764096 0.670635 0.690833 
0.596467 0.217130 0.170260 
0.588859 0.206518 0.178032 
0.730282 0.705770 0.700982 
0.156401 0.554672 0.511109 
0.613099 0.268832 0.123338 
0.721835 0.719857 0.703344 
0.172577 0.504547 0.492363 
0.745501 0.741137 0.720330 
0.598487 0.279864 0.177846 
0.206167 0.476447 0.498093 
0.160374 0.539743 0.511059 
0.748432 0.725449 0.701333 
0.589080 0.198166 0.156282 
0.724834 0.736158 0.675343 
0.595388 0.207058 0.210932 
0.224955 0.495332 0.530656 
0.602398 0.254050 0.214986 
0.757446 0.730884 0.676254 
0.148606 0.453730 0.573798 
0.702430 0.748462 0.634304 
0.156344 0.499221 0.569498 
0.631571 0.247895 0.155035 
0.735724 0.749258 0.714364 
0.644171 0.221792 0.255877 
0.157198 0.475946 0.533551 
0.688347 0.787129 0.688565 
0.668389 0.255466 0.263337 
0.142708 0.407524 0.517701 
0.700542 0.802402 0.666205 
0.676379 0.291438 0.212729 
0.126876 0.448124 0.535516 
0.757287 0.721220 0.660580 
0.628124 0.254522 0.228890 
0.126097 0.492929 0.523266 
0.763560 0.648423 0.564755 
0.556467 0.227408 0.233358 
0.602788 0.788605 0.667323 
0.130841 0.481435 0.493246 
0.153644 0.468692 0.567606 
0.695522 0.719166 0.173958 
0.667020 0.256186 0.634864 
0.130017 0.469411 0.494596 
0.603855 0.292171 0.261959 
0.625390 0.769774 0.230758 
0.720092 0.652022 0.705768 
0.647150 0.267883 0.273177 
0.714790 0.774519 0.663952 
0.180693 0.466829 0.501029 
0.670370 0.272136 0.719798 
0.680007 0.726420 0.159395 
0.188928 0.450844 0.539906 
0.636057 0.236896 0.706435 
0.159354 0.486180 0.491909 
0.717238 0.778611 0.241253 
0.613611 0.288490 0.204263 
0.139653 0.448321 0.562912 
0.755814 0.735244 0.669613 
0.699888 0.761830 0.713867 
0.172069 0.476497 0.587914 
0.654891 0.246483 0.137698 
0.700562 0.749599 0.651451 
0.633430 0.256121 0.151146 
0.169325 0.438505 0.577864 
0.567425 0.254276 0.172349 
0.762243 0.744307 0.676712 
0.153590 0.439718 0.523710 
0.693239 0.786290 0.633084 
0.125923 0.480516 0.548108 
0.657763 0.244404 0.212432 
0.154977 0.522473 0.560487 
0.748595 0.766929 0.671344 
0.612662 0.255048 0.200252 
0.716831 0.728839 0.705333 
0.602314 0.211899 0.153276 
0.202870 0.472026 0.558767 
0.159666 0.445421 0.531502 
0.728387 0.776680 0.635768 
0.653382 0.282778 0.238828 
0.667379 0.754075 0.287407 
0.765346 0.717537 0.645001 
0.559996 0.261216 0.236694 
0.146020 0.434425 0.555234 
0.695828 0.765854 0.737464 
0.643018 0.268361 0.164880 
0.169149 0.461293 0.522442 
0.595368 0.229017 0.136091 
0.726062 0.728245 0.731598 
0.204155 0.470237 0.512000 
0.679684 0.280316 0.211392 
0.137480 0.415312 0.569557 
0.716506 0.791216 0.704338 
0.175872 0.502444 0.512584 
0.635363 0.246949 0.274133 
0.745011 0.741935 0.669629 
0.731537 0.775260 0.654360 
0.663518 0.358380 0.178010 
0.181251 0.574910 0.516065 
0.501945 0.267815 0.250756 
0.135672 0.449512 0.565064 
0.687128 0.707159 0.623251 
0.644790 0.281729 0.203182 
0.654360 0.246822 0.257755 
0.154822 0.489895 0.492034 
0.683131 0.719800 0.730628 
0.721903 0.740992 0.707293 
0.140409 0.532860 0.545344 
0.624745 0.216889 0.229548 
0.742345 0.732733 0.719540 
0.144547 0.476763 0.567810 
0.599377 0.233391 0.226188 
0.168529 0.499293 0.545109 
0.747003 0.727211 0.682374 
0.594388 0.201118 0.185172 
0.711569 0.738380 0.637427 
0.128319 0.420810 0.533880 
0.642554 0.277682 0.254962 
0.641517 0.227972 0.251381 
0.690838 0.759789 0.664713 
0.147184 0.520970 0.551080 
0.615317 0.202371 0.159354 
0.169774 0.558936 0.591833 
0.737229 0.773353 0.656012 
0.615133 0.241002 0.156732 
0.167085 0.529872 0.511913 
0.732392 0.765855 0.682052 
0.157832 0.448766 0.550208 
0.664761 0.246317 0.149599 
0.731904 0.772093 0.698235 
0.154638 0.443197 0.578042 
0.604455 0.260284 0.226588 
0.624284 0.764872 0.637089 
0.733310 0.610253 0.567240 
0.134018 0.450185 0.527191 
0.733054 0.744378 0.695568 
0.643404 0.293151 0.188061 
0.206385 0.472418 0.494429 
0.631666 0.278739 0.178512 
0.721032 0.734760 0.719211 
0.727863 0.707245 0.681487 
0.124204 0.519555 0.519183 
0.638832 0.260178 0.229737 
0.157788 0.461492 0.451277 
0.678857 0.717711 0.735409 
0.667925 0.272079 0.276244 
0.605427 0.685639 0.238158 
0.140140 0.471147 0.526158 
0.666224 0.276068 0.709078 
0.742436 0.609752 0.689109 
0.625683 0.211627 0.251455 
0.716328 0.788518 0.694581 
0.135705 0.399549 0.529961 
0.696637 0.771247 0.628840 
0.572213 0.377517 0.190499 
0.176291 0.519658 0.573774 
0.644445 0.228255 0.178829 
0.750820 0.729633 0.724551 
0.604454 0.226939 0.121669 
0.148750 0.459261 0.496300 
0.136515 0.501193 0.578395 
0.641816 0.256633 0.135406 
0.725639 0.736749 0.684902 
0.164659 0.536141 0.534326 
0.640540 0.220054 0.210690 
0.707158 0.681682 0.665304 
0.619657 0.239478 0.179046 
0.730163 0.783720 0.657901 
0.165587 0.490463 0.505301 
0.124854 0.513213 0.536223 
0.619769 0.257262 0.227513 
0.716401 0.702657 0.720267 
0.732046 0.692235 0.628099 
0.628112 0.210183 0.228648 
0.145793 0.526606 0.557632 
0.725970 0.719922 0.670966 
0.619361 0.205543 0.232744 
0.150370 0.447089 0.514811 
0.125804 0.427835 0.551064 
0.662186 0.252532 0.145287 
0.696855 0.732767 0.719302 
0.620721 0.228192 0.212362 
0.172132 0.545811 0.522262 
0.752941 0.714020 0.657032 
0.606147 0.231987 0.226048 
0.170024 0.465699 0.549642 
0.735896 0.741929 0.671065 
0.740850 0.696157 0.710382 
0.139132 0.559993 0.522501 
0.585872 0.261042 0.165407 
0.187070 0.473793 0.506355 
0.596742 0.201485 0.184343 
0.730258 0.777351 0.696487 
0.137260 0.501381 0.479926 
0.628600 0.263716 0.708663 
0.547883 0.670067 0.164338 
0.746085 0.746597 0.568254 
0.688982 0.718477 0.152096 
0.662574 0.257312 0.652285 
0.123239 0.435186 0.503772 
0.552744 0.393357 0.176086 
0.656432 0.303576 0.721632 
0.691643 0.797922 0.157286 
0.161420 0.398547 0.512136 
0.158423 0.462701 0.554312 
0.638788 0.681539 0.132194 
0.736384 0.747920 0.547431 
0.668310 0.276381 0.639634 
0.696863 0.800403 0.725548 
0.131909 0.455958 0.484240 
0.675159 0.268828 0.173829 
0.607999 0.218850 0.193657 
0.661982 0.748723 0.725383 
0.709713 0.701041 0.555296 
0.156062 0.472798 0.457250 
0.679530 0.774641 0.733298 
0.667367 0.265521 0.145444 
0.131981 0.443170 0.475743 
0.161740 0.503123 0.505901 
0.765938 0.738266 0.676247 
0.634194 0.231048 0.216512 
0.135282 0.486090 0.551403 
0.722423 0.714933 0.637571 
0.617883 0.226982 0.258651 
0.125090 0.425754 0.494431 
0.674207 0.295209 0.275293 
0.670526 0.724293 0.681029 
0.703617 0.787667 0.704771 
0.652820 0.236855 0.147442 
0.150269 0.415026 0.518327 
0.623681 0.274372 0.170323 
0.712973 0.714371 0.624424 
0.178467 0.472478 0.583135 
0.147096 0.481079 0.515000 
0.642183 0.240687 0.222614 
0.712911 0.748219 0.671697 
0.602007 0.790754 0.622420 
0.759196 0.691633 0.594447 
0.614983 0.280872 0.142744 
0.133282 0.491438 0.557102 
0.130473 0.474598 0.558697 
0.743514 0.727978 0.638451 
0.601341 0.212931 0.261816 
0.604978 0.236750 0.205709 
0.741390 0.769405 0.689603 
0.170695 0.445778 0.508394 
0.679348 0.739250 0.152297 
0.147511 0.472344 0.484192 
0.668629 0.272491 0.665018 
0.714332 0.751509 0.651200 
0.163485 0.432919 0.503309 
0.652028 0.252806 0.190189 
0.723873 0.784324 0.666778 
0.158800 0.422765 0.494450 
0.647561 0.237926 0.256026 
0.695760 0.702132 0.626211 
0.640100 0.247451 0.149482 
0.144145 0.506446 0.591254 
0.699661 0.698926 0.654885 
0.631014 0.252626 0.147319 
0.149124 0.490645 0.534248 
0.713004 0.790157 0.642623 
0.213898 0.490454 0.546053 
0.634818 0.252005 0.192435 
0.222945 0.508082 0.560583 
0.710560 0.654590 0.641304 
0.588663 0.774040 0.157078 
0.597538 0.208814 0.186448 
0.741178 0.730765 0.650935 
0.579037 0.202714 0.180369 
0.189850 0.509311 0.562186 
0.654698 0.254731 0.143932 
0.701965 0.743118 0.707825 
0.224600 0.479581 0.528785 
0.179663 0.472239 0.601715 
0.679559 0.331277 0.694257 
0.659265 0.716548 0.262337 
0.503203 0.245408 0.245568 
0.699848 0.722294 0.642042 
0.628221 0.217589 0.183583 
0.173137 0.476325 0.571706 
0.179847 0.507274 0.508857 
0.755387 0.742630 0.673244 
0.627222 0.223268 0.280470 
0.171413 0.563277 0.558026 
0.750456 0.754969 0.634388 
0.578621 0.213130 0.213114 
0.200345 0.464311 0.520102 
0.721179 0.719334 0.735437 
0.664404 0.270948 0.184258 
0.746144 0.763421 0.683424 
0.206792 0.487378 0.540244 
0.600828 0.237772 0.198980 
0.660511 0.267134 0.188403 
0.679574 0.762148 0.674509 
0.135722 0.491972 0.522737 
0.766044 0.738532 0.675309 
0.590155 0.263990 0.151658 
0.160317 0.500553 0.550364 
0.147039 0.435030 0.510345 
0.745273 0.738784 0.709763 
0.608201 0.304029 0.214459 
0.152032 0.499759 0.555796 
0.743871 0.739275 0.633297 
0.583972 0.246840 0.210212 
0.139560 0.561245 0.496161 
0.724725 0.721065 0.718923 
0.616331 0.236646 0.161801 
0.184260 0.507200 0.521330 
0.641073 0.240044 0.200729 
0.710649 0.771132 0.719126 
0.157048 0.429527 0.508355 
0.641105 0.233585 0.186071 
0.690157 0.757870 0.723438 
0.193189 0.484160 0.506095 
0.642033 0.223330 0.234522 
0.710648 0.747137 0.727154 
0.243844 0.509944 0.534853 
0.573252 0.193591 0.139491 
0.741823 0.734468 0.717387 
0.660688 0.265441 0.185619 
0.713051 0.770630 0.648363 
0.152405 0.454287 0.557126 
0.655093 0.254712 0.157086 
0.689493 0.798830 0.652996 
0.144501 0.443032 0.511453 
0.614151 0.278396 0.259101 
0.141808 0.452533 0.549124 
0.747767 0.760331 0.655094 
0.736221 0.767459 0.644349 
0.128451 0.463560 0.555989 
0.589953 0.214567 0.195812 
0.655741 0.247893 0.164603 
0.149924 0.522697 0.491422 
0.689523 0.751648 0.682793 
0.633660 0.273926 0.193397 
0.709012 0.794927 0.710466 
0.203363 0.473590 0.519369 
0.156070 0.415405 0.472574 
0.686573 0.797672 0.158505 
0.663406 0.296635 0.694280 
0.671966 0.683386 0.193294 
0.667476 0.254698 0.679446 
0.145330 0.508769 0.526578 
0.664964 0.299070 0.710126 
0.701754 0.778895 0.228501 
0.202805 0.462183 0.446486 
0.249787 0.381043 0.604177 
0.691228 0.715876 0.242703 
0.655473 0.268167 0.733333 
0.140306 0.486232 0.464829 
0.612943 0.233457 0.126220 
0.733069 0.779640 0.635149 
0.207797 0.475185 0.553201 
0.127551 0.411812 0.558639 
0.670290 0.295915 0.211107 
0.740556 0.762953 0.723770 
0.709739 0.751142 0.680435 
0.634194 0.273154 0.266610 
0.122376 0.410359 0.517305 
0.622819 0.236285 0.229682 
0.134052 0.434674 0.562779 
0.743986 0.755124 0.630036 
0.165652 0.508269 0.527520 
0.637995 0.238475 0.141137 
0.696093 0.727479 0.678229 
0.661701 0.285224 0.144477 
0.717540 0.745475 0.663738 
0.164330 0.445688 0.589541 
0.734071 0.732441 0.702821 
0.614762 0.214378 0.195041 
0.147610 0.478259 0.486932 
0.159095 0.463633 0.488818 
0.648022 0.226695 0.184832 
0.704832 0.727779 0.733579 
0.749150 0.703612 0.678091 
0.567943 0.218999 0.153680 
0.173795 0.572317 0.526085 
0.723835 0.749085 0.637985 
0.168590 0.455661 0.518844 
0.648981 0.256348 0.150340 
0.729965 0.770159 0.727207 
0.603940 0.203141 0.213974 
0.201352 0.524873 0.556658 
0.178628 0.481017 0.507694 
0.745320 0.755818 0.728533 
0.600770 0.273152 0.231416 
0.719609 0.781128 0.688720 
0.179193 0.470443 0.495246 
0.637981 0.221969 0.159851 
0.152999 0.474591 0.556741 
0.664101 0.280874 0.163512 
0.722070 0.789430 0.639042 
0.730306 0.747728 0.671543 
0.139399 0.455909 0.540367 
0.615756 0.279509 0.151101 
0.133270 0.512736 0.517983 
0.656610 0.236659 0.138934 
0.771615 0.706487 0.678695 
0.171374 0.373011 0.461151 
0.757275 0.712535 0.644232 
0.134260 0.485266 0.568749 
0.621527 0.217771 0.180347 
0.184737 0.462111 0.556125 
0.741649 0.736146 0.670961 
0.672404 0.276749 0.161841 
0.619886 0.206127 0.152058 
0.137394 0.484978 0.572227 
0.744106 0.712970 0.674721 
0.154275 0.446363 0.550167 
0.751774 0.738885 0.633472 
0.585364 0.252340 0.177490 
0.144409 0.473890 0.493144 
0.634762 0.220055 0.288417 
0.709710 0.700749 0.669923 
0.656220 0.251443 0.195041 
0.152785 0.476959 0.483518 
0.660730 0.769891 0.698958 
0.695293 0.728164 0.277684 
0.149080 0.428433 0.491780 
0.622286 0.233935 0.197899 
0.706752 0.743630 0.699968 
0.186348 0.481881 0.547843 
0.756752 0.743465 0.692888 
0.560146 0.224651 0.139224 
0.744992 0.694686 0.655274 
0.167462 0.422619 0.548987 
0.649294 0.267168 0.226050 
0.182609 0.578677 0.521661 
0.649585 0.282837 0.165063 
0.746545 0.763271 0.649935 
0.139978 0.474520 0.561840 
0.609526 0.231459 0.259199 
0.748612 0.736649 0.724965 
0.122941 0.476387 0.500732 
0.674598 0.712279 0.733915 
0.660132 0.254029 0.246298 
0.169561 0.466552 0.503461 
0.127557 0.448227 0.519097 
0.697919 0.705837 0.643756 
0.639424 0.294624 0.263696 
0.685564 0.694010 0.634667 
0.139344 0.461160 0.502143 
0.659921 0.275281 0.278026 
0.155689 0.485699 0.597081 
0.703091 0.736148 0.736288 
0.635723 0.218844 0.179772 
0.633344 0.241922 0.157346 
0.703172 0.784862 0.704739 
0.182884 0.483311 0.516058 
0.721514 0.717369 0.665288 
0.595351 0.216927 0.159345 
0.170994 0.455066 0.610211 
0.648715 0.228821 0.155112 
0.697071 0.777661 0.662128 
0.147222 0.415491 0.507074 
0.601606 0.199157 0.244078 
0.749126 0.697030 0.720484 
0.137630 0.539787 0.498626 
0.719179 0.728038 0.661111 
0.199918 0.464538 0.545541 
0.617075 0.218481 0.175465 
0.180179 0.478187 0.488044 
0.598353 0.280251 0.151404 
0.754115 0.754213 0.722910 
0.127054 0.479519 0.559583 
0.720658 0.716417 0.709963 
0.638072 0.270424 0.124448 
0.716559 0.732928 0.662748 
0.650750 0.245887 0.183571 
0.185568 0.485202 0.531558 
0.158379 0.439198 0.471928 
0.719210 0.761574 0.723741 
0.628473 0.276830 0.146042 
0.708249 0.798487 0.635179 
0.657084 0.674515 0.257757 
0.658177 0.271754 0.698526 
0.150725 0.416729 0.494964 
0.734879 0.779678 0.689019 
0.145485 0.450874 0.591589 
0.614948 0.252734 0.183559 
0.645663 0.297168 0.202846 
0.139463 0.446156 0.533943 
0.707866 0.757182 0.740791 
0.149735 0.413802 0.479536 
0.671467 0.738885 0.218858 
0.667999 0.272733 0.697176 
0.706363 0.742954 0.196176 
0.652539 0.276945 0.638878 
0.139249 0.442131 0.519142 
0.124792 0.397175 0.522641 
0.676393 0.307379 0.690548 
0.669583 0.770415 0.235574 
0.158574 0.473181 0.505984 
0.627886 0.276869 0.224792 
0.739702 0.776882 0.664736 
0.630777 0.246895 0.223868 
0.725376 0.779969 0.623506 
0.160449 0.507621 0.567275 
0.760434 0.704252 0.711130 
0.650540 0.730438 0.307875 
0.525861 0.193597 0.206530 
0.179887 0.500068 0.526067 
0.164400 0.448592 0.550110 
0.645463 0.244158 0.132621 
0.705285 0.732273 0.631720 
0.196574 0.475658 0.500888 
0.659708 0.255395 0.211881 
0.731911 0.743599 0.709650 
0.633384 0.252448 0.148970 
0.715532 0.715426 0.644299 
0.170368 0.448279 0.575254 
0.722374 0.786755 0.650117 
0.625023 0.256775 0.154414 
0.206957 0.478844 0.535333 
0.612162 0.245945 0.230570 
0.749007 0.753498 0.690889 
0.169730 0.465975 0.546994 
0.758519 0.741274 0.633781 
0.177743 0.491387 0.584232 
0.615150 0.267669 0.135380 
0.166889 0.484862 0.597472 
0.760931 0.748278 0.702266 
0.612310 0.250660 0.180592 
0.644440 0.702197 0.300190 
0.582891 0.210756 0.641670 
0.745763 0.732676 0.683429 
0.131591 0.449184 0.562890 
0.646642 0.365802 0.216720 
0.169987 0.489381 0.546116 
0.654653 0.263445 0.225133 
0.687750 0.709568 0.707674 
0.709363 0.779116 0.674446 
0.135107 0.461677 0.501620 
0.631373 0.246200 0.146074 
0.710803 0.794268 0.635845 
0.155644 0.462756 0.568193 
0.638748 0.293367 0.128574 
0.606329 0.206747 0.262634 
0.145052 0.525449 0.548845 
0.742328 0.701629 0.646362 
0.158606 0.448110 0.521432 
0.718607 0.739898 0.637979 
0.656208 0.288770 0.154504 
0.754982 0.704785 0.719752 
0.623713 0.234965 0.200341 
0.135074 0.503153 0.541630 
0.753771 0.739883 0.719482 
0.644790 0.256984 0.231854 
0.152897 0.475344 0.521384 
0.121119 0.487217 0.517124 
0.739666 0.745826 0.643470 
0.623119 0.244225 0.242385 
0.742945 0.741925 0.717170 
0.641554 0.268446 0.136726 
0.160217 0.494589 0.555803 
0.661768 0.248795 0.197409 
0.179195 0.444880 0.487606 
0.675529 0.748167 0.688232 
0.691071 0.783559 0.644851 
0.662258 0.287588 0.150940 
0.125240 0.445114 0.543996 
0.121942 0.409585 0.529126 
0.643164 0.221691 0.279601 
0.693871 0.768969 0.638926 
0.599754 0.284442 0.131460 
0.152730 0.457048 0.535674 
0.741908 0.731148 0.672433 
0.702469 0.735743 0.194460 
0.174915 0.442668 0.508636 
0.653652 0.270439 0.663675 
0.709393 0.722708 0.523047 
0.600160 0.307672 0.174403 
0.140905 0.476524 0.581203 
0.674548 0.356177 0.695651 
0.765639 0.725741 0.676033 
0.569592 0.255581 0.177730 
0.149173 0.519319 0.583797 
0.147067 0.436632 0.591039 
0.632334 0.289991 0.164833 
0.705706 0.727042 0.638902 
0.711987 0.701615 0.651102 
0.599173 0.210871 0.151794 
0.137623 0.528571 0.561139 
0.605293 0.214686 0.203779 
0.750897 0.739809 0.701391 
0.139645 0.534364 0.496346 
0.664711 0.290878 0.161640 
0.177062 0.448510 0.526097 
0.676042 0.700977 0.634418 
0.142057 0.468066 0.561234 
0.764273 0.742643 0.708030 
0.624130 0.235111 0.243138 
0.733886 0.781455 0.642969 
0.609459 0.205745 0.124134 
0.160344 0.491648 0.548359 
0.708159 0.715665 0.668007 
0.640876 0.258626 0.178683 
0.162736 0.470392 0.565844 
0.163209 0.554711 0.516012 
0.610576 0.232023 0.231880 
0.710172 0.694025 0.635808 
0.726932 0.767664 0.668912 
0.606907 0.231004 0.225771 
0.129001 0.505254 0.532264 
0.596137 0.212198 0.126400 
0.731239 0.751046 0.646934 
0.149974 0.496164 0.577469 
0.122825 0.486120 0.529769 
0.711545 0.719248 0.672613 
0.612281 0.232775 0.250707 
0.630091 0.224613 0.153927 
0.728874 0.783800 0.715511 
0.194707 0.492462 0.568185 
0.638093 0.229709 0.125999 
0.711460 0.729555 0.695671 
0.182546 0.508455 0.522707 
0.721295 0.701625 0.660715 
0.149325 0.501488 0.517081 
0.616054 0.279993 0.201872 
0.643846 0.242351 0.191796 
0.123906 0.429523 0.522022 
0.731333 0.738498 0.652174 
0.756090 0.758282 0.697598 
0.612806 0.254644 0.244956 
0.154944 0.487861 0.525302 
0.760128 0.732952 0.707470 
0.597037 0.222095 0.145089 
0.148939 0.539318 0.535984 
0.641834 0.271517 0.260136 
0.756844 0.742153 0.707908 
0.191300 0.471821 0.501178 
0.161369 0.569491 0.507311 
0.602593 0.216367 0.169930 
0.717326 0.726054 0.663853 
0.622253 0.275298 0.171274 
0.747831 0.768388 0.703215 
0.213526 0.466298 0.508723 
0.136677 0.425867 0.498853 
0.747765 0.756608 0.678294 
0.647175 0.256008 0.219296 
0.146182 0.567982 0.566927 
0.724548 0.718500 0.670531 
0.607953 0.217687 0.230855 
0.664867 0.268855 0.207684 
0.148868 0.437057 0.557298 
0.709438 0.792806 0.660183 
0.743341 0.702308 0.651651 
0.130266 0.520748 0.548698 
0.596578 0.269181 0.202568 
0.754627 0.759633 0.666513 
0.591595 0.252903 0.227508 
0.130800 0.456117 0.544019 
0.716256 0.744805 0.707482 
0.157485 0.477960 0.490743 
0.621091 0.261309 0.233589 
0.690361 0.803944 0.705465 
0.138730 0.414251 0.503508 
0.654594 0.253074 0.244337 
0.738831 0.763533 0.727024 
0.136504 0.413807 0.578160 
0.629814 0.304895 0.206931 
0.673876 0.773064 0.627636 
0.665243 0.273963 0.156477 
0.163240 0.447717 0.512081 
0.659296 0.259548 0.234023 
0.741864 0.754760 0.702677 
0.136357 0.476514 0.560433 
0.729760 0.722328 0.665356 
0.601216 0.282963 0.138934 
0.172846 0.495140 0.530049 
0.136466 0.557475 0.525910 
0.641487 0.227138 0.165679 
0.750482 0.748778 0.697584 
0.689723 0.712682 0.695235 
0.654751 0.285233 0.219472 
0.134083 0.460286 0.518898 
0.625584 0.210827 0.215267 
0.714897 0.758648 0.648526 
0.206239 0.471664 0.528368 
0.609152 0.260202 0.241999 
0.135426 0.552608 0.513761 
0.749907 0.705959 0.681882 
0.671619 0.782884 0.191144 
0.170044 0.433071 0.558884 
0.668536 0.264920 0.625376 
0.666030 0.300696 0.644814 
0.670316 0.803324 0.204131 
0.133197 0.390299 0.533819 
0.135476 0.485412 0.533314 
0.647752 0.268896 0.692621 
0.700389 0.793305 0.207584 
0.158249 0.414168 0.536537 
0.671324 0.787345 0.655407 
0.678282 0.275694 0.182327 
0.618747 0.245985 0.277629 
0.150248 0.516052 0.495200 
0.741128 0.719853 0.692880 
0.138595 0.530620 0.551588 
0.630967 0.230760 0.227578 
0.719476 0.690013 0.727597 
0.636122 0.240749 0.212740 
0.168850 0.459695 0.544645 
0.719179 0.716175 0.669388 
0.168711 0.430597 0.553949 
0.711126 0.764926 0.681553 
0.626958 0.274957 0.199294 
0.645149 0.235381 0.269057 
0.720816 0.737735 0.692381 
0.148716 0.474601 0.529687 
0.653865 0.239977 0.269036 
0.745290 0.754358 0.719801 
0.128305 0.510961 0.495019 
0.716777 0.778062 0.651724 
0.160148 0.431256 0.510997 
0.649812 0.268746 0.177640 
0.151868 0.411805 0.528911 
0.639713 0.260327 0.192475 
0.686942 0.611009 0.555809 
0.689771 0.801224 0.667578 
0.623976 0.224899 0.218709 
0.714339 0.759548 0.627139 
0.158727 0.437184 0.555173 
0.665174 0.756374 0.709841 
0.677713 0.271663 0.145282 
0.166246 0.445287 0.529524 
0.166457 0.578001 0.530173 
0.742485 0.760776 0.652064 
0.571535 0.204828 0.308218 
0.614960 0.325935 0.175024 
0.152025 0.543894 0.564243 
0.731183 0.689643 0.735586 
0.610491 0.243276 0.148196 
0.710745 0.718519 0.709994 
0.170585 0.463751 0.483389 
0.618776 0.237562 0.211409 
0.609695 0.254120 0.171880 
0.715359 0.716835 0.622322 
0.178428 0.500876 0.591292 
0.650409 0.262403 0.159767 
0.705276 0.770128 0.727993 
0.178435 0.453606 0.535255 
0.697287 0.786611 0.706411 
0.643000 0.254981 0.139387 
0.126357 0.512404 0.489492 
0.161420 0.406792 0.508513 
0.678790 0.296801 0.221232 
0.689275 0.788339 0.681266 
0.156091 0.515262 0.572956 
0.619210 0.239942 0.221829 
0.750849 0.732471 0.674846 
0.696632 0.773828 0.689870 
0.650848 0.294174 0.218831 
0.139194 0.461184 0.506030 
0.616086 0.766976 0.219290 
0.748713 0.665217 0.699642 
0.551615 0.280263 0.190604 
0.177708 0.445678 0.563248 
0.670138 0.710655 0.660378 
0.669894 0.271007 0.233560 
0.135779 0.462478 0.531720 
0.219799 0.453473 0.518694 
0.665942 0.274885 0.143331 
0.682723 0.765491 0.714206 
0.146615 0.474892 0.559400 
0.720155 0.714052 0.639487 
0.616604 0.205314 0.164378 
0.630411 0.238816 0.170754 
0.727383 0.739044 0.724315 
0.161165 0.538016 0.498896 
0.747852 0.760221 0.682189 
0.620247 0.204492 0.198770 
0.147218 0.490223 0.577637 
0.733238 0.763959 0.657069 
0.596059 0.228510 0.174442 
0.129989 0.464762 0.525668 
0.712225 0.786584 0.735997 
0.629614 0.222569 0.243141 
0.132880 0.457295 0.521429 
0.738108 0.693166 0.731587 
0.128503 0.546614 0.509836 
0.607742 0.236723 0.202181 
0.652329 0.232361 0.214494 
0.163863 0.510371 0.514548 
0.766773 0.709930 0.710719 
0.658692 0.236971 0.655308 
0.699902 0.792721 0.175610 
0.134889 0.475878 0.496008 
0.136088 0.473445 0.493051 
0.667284 0.256560 0.655870 
0.716176 0.707149 0.223225 
0.752462 0.752228 0.698284 
0.572802 0.225288 0.140585 
0.208060 0.482953 0.521102 
0.648044 0.226661 0.175580 
0.185964 0.508285 0.553673 
0.697367 0.798909 0.733064 
0.576902 0.703368 0.139871 
0.643580 0.232105 0.190098 
0.166055 0.521757 0.580862 
0.690433 0.767013 0.673693 
0.703144 0.704411 0.663635 
0.631307 0.214779 0.213985 
0.154661 0.514516 0.529204 
0.576455 0.257050 0.174620 
0.756425 0.713503 0.663820 
0.173591 0.511953 0.597482 
0.149253 0.505204 0.535262 
0.610795 0.242690 0.232413 
0.717912 0.741685 0.715942 
0.651579 0.255232 0.132245 
0.125810 0.410589 0.549100 
0.682683 0.753071 0.663060 
0.163376 0.504552 0.530690 
0.656792 0.256091 0.174225 
0.725231 0.710016 0.701901 
0.138123 0.438980 0.483231 
0.735232 0.775136 0.694585 
0.635351 0.293055 0.213137 
0.751547 0.716397 0.694719 
0.613634 0.251544 0.140500 
0.142403 0.524004 0.585772 
0.700177 0.718469 0.711253 
0.639671 0.260516 0.214928 
0.141882 0.438416 0.484218 
0.618241 0.236278 0.267311 
0.735519 0.762516 0.687614 
0.131142 0.548479 0.549815 
0.158060 0.440221 0.590834 
0.613156 0.207038 0.199788 
0.731328 0.749037 0.656020 
0.728890 0.750951 0.632596 
0.160358 0.512839 0.566360 
0.604576 0.222529 0.129895 
0.221288 0.476857 0.543951 
0.640637 0.261947 0.125447 
0.711482 0.762059 0.637812 
0.631266 0.247805 0.284288 
0.699646 0.741423 0.699849 
0.156693 0.495758 0.499321 
0.123060 0.485898 0.507370 
0.658637 0.271551 0.167552 
0.709325 0.716023 0.738559 
0.625449 0.252239 0.158430 
0.716569 0.776448 0.645988 
0.175935 0.513458 0.508223 
0.179406 0.501127 0.614432 
0.551552 0.236562 0.160536 
0.770666 0.727055 0.628275 
0.740232 0.708840 0.720226 
0.154247 0.519697 0.528236 
0.624918 0.218523 0.152252 
0.140025 0.474835 0.499638 
0.752576 0.731110 0.691940 
0.620173 0.285592 0.240164 
0.618228 0.216694 0.185957 
0.739207 0.736800 0.637485 
0.167377 0.441515 0.551720 
0.588691 0.709725 0.202861 
0.709862 0.717715 0.731562 
0.203434 0.461717 0.518329 
0.644345 0.223751 0.189061 
0.676556 0.270169 0.215635 
0.691966 0.749116 0.705773 
0.137938 0.421608 0.553250 
0.689307 0.711630 0.280688 
0.668526 0.370356 0.156916 
0.666971 0.257860 0.629649 
0.159025 0.445658 0.538753 
0.190296 0.466002 0.545406 
0.601325 0.198361 0.146428 
0.730038 0.738109 0.638336 
0.713627 0.745564 0.704322 
0.612473 0.229511 0.246683 
0.214887 0.518210 0.501247 
0.141697 0.541875 0.562477 
0.616137 0.241683 0.134656 
0.723727 0.758818 0.688151 
0.605609 0.255908 0.184376 
0.720407 0.726655 0.661692 
0.225981 0.477330 0.531481 
0.131108 0.438014 0.496829 
0.716934 0.756645 0.731739 
0.619716 0.237334 0.191794 
0.204749 0.465223 0.515050 
0.645755 0.246347 0.139726 
0.730697 0.759053 0.729923 
0.742462 0.748307 0.591582 
0.197550 0.488176 0.511116 
0.675687 0.726593 0.729605 
0.596412 0.202639 0.215006 
0.531105 0.271350 0.168855 
0.185663 0.526722 0.556543 
0.646132 0.307461 0.325361 
0.707073 0.782248 0.638399 
0.656985 0.244062 0.225910 
0.192641 0.475156 0.531705 
0.686676 0.718267 0.670003 
0.654860 0.233091 0.143630 
0.226378 0.490296 0.523480 
0.714036 0.760229 0.686957 
0.727468 0.735133 0.669830 
0.614061 0.226897 0.199314 
0.136388 0.546060 0.578518 
0.707374 0.756815 0.673116 
0.165375 0.425664 0.510883 
0.635006 0.247100 0.167283 
0.723622 0.691597 0.533873 
0.716301 0.769493 0.699469 
0.624657 0.245926 0.215523 
0.135599 0.403752 0.565408 
0.648814 0.733142 0.143505 
0.610767 0.220732 0.227508 
0.713455 0.711140 0.642426 
0.171703 0.502765 0.573171 
0.745174 0.752390 0.658110 
0.162871 0.450917 0.537587 
0.623100 0.269874 0.246581 
0.632687 0.238456 0.199651 
0.212041 0.471705 0.502251 
0.752776 0.747889 0.704117 
0.636591 0.242470 0.243185 
0.132933 0.463311 0.496521 
0.758133 0.735366 0.668542 
0.133402 0.454111 0.557209 
0.663572 0.244610 0.178624 
0.698139 0.786851 0.673327 
0.161783 0.520042 0.497849 
0.617305 0.206114 0.153358 
0.711037 0.739990 0.675553 
0.728050 0.723879 0.634390 
0.121361 0.430266 0.534978 
0.599982 0.207723 0.241096 
0.698560 0.702759 0.631909 
0.629697 0.221446 0.261549 
0.146728 0.495266 0.521032 
0.631589 0.216575 0.171705 
0.217092 0.478339 0.531381 
0.760778 0.748917 0.717769 
0.127212 0.483697 0.558488 
0.696123 0.753633 0.682792 
0.651146 0.264287 0.217471 
0.184792 0.454632 0.488636 
0.642995 0.232827 0.249730 
0.693479 0.705959 0.737954 
0.730696 0.759081 0.733061 
0.668214 0.270206 0.257673 
0.190312 0.459547 0.484873 
0.741171 0.729959 0.638847 
0.128948 0.441548 0.530510 
0.630886 0.284702 0.155969 
0.654495 0.255734 0.134357 
0.171592 0.492280 0.593249 
0.708877 0.725133 0.643252 
0.748855 0.761835 0.726154 
0.135385 0.417004 0.481985 
0.652545 0.284519 0.226083 
0.652231 0.274898 0.706331 
0.153597 0.438453 0.515077 
0.693790 0.760449 0.190642 
0.731049 0.743495 0.663793 
0.176143 0.494950 0.553223 
0.630343 0.232256 0.192339 
0.748588 0.690570 0.669585 
0.567552 0.222655 0.174247 
0.129660 0.530972 0.497575 
0.635826 0.269764 0.127314 
0.710833 0.748086 0.666845 
0.192928 0.445025 0.573000 
0.150634 0.488332 0.555396 
0.649750 0.274439 0.175999 
0.721676 0.745921 0.715348 
0.696374 0.800231 0.729770 
0.652937 0.244010 0.189440 
0.159560 0.488081 0.472366 
0.726985 0.767736 0.633395 
0.646279 0.263050 0.218586 
0.135627 0.434171 0.567375 
0.665496 0.287542 0.264505 
0.159279 0.429162 0.519805 
0.698391 0.792349 0.651703 
0.138488 0.391705 0.509797 
0.684020 0.307686 0.244528 
0.682295 0.786343 0.663350 
0.628234 0.233548 0.261181 
0.152332 0.527438 0.484731 
0.704219 0.685150 0.714194 
0.720523 0.791193 0.734995 
0.645345 0.236338 0.206119 
0.174418 0.458330 0.488857 
0.705063 0.787038 0.738340 
0.633827 0.231528 0.184232 
0.165726 0.410969 0.521166 
0.741812 0.614819 0.652582 
0.145566 0.563550 0.541945 
0.581769 0.192487 0.221571 
0.587777 0.767431 0.227127 
0.629015 0.231324 0.199558 
0.742186 0.767004 0.716871 
0.130421 0.521315 0.495478 
0.635055 0.272038 0.236921 
0.763538 0.731533 0.686911 
0.157254 0.489762 0.519263 
0.753999 0.732670 0.709641 
0.578637 0.194843 0.154162 
0.134688 0.436784 0.522547 
0.138162 0.484360 0.491085 
0.618111 0.281918 0.234960 
0.741629 0.753210 0.666472 
0.640359 0.251593 0.155517 
0.196772 0.494439 0.561933 
0.712920 0.721558 0.683326 
0.649285 0.242197 0.200611 
0.131724 0.449255 0.508867 
0.702220 0.747533 0.645428 
0.755213 0.705066 0.709667 
0.584682 0.272839 0.148789 
0.178743 0.516186 0.498759 
0.770376 0.716289 0.703599 
0.612933 0.213993 0.178654 
0.201516 0.515030 0.537021 
0.744830 0.717356 0.639646 
0.609666 0.245966 0.230400 
0.131674 0.528319 0.527380 
0.633904 0.280317 0.246477 
0.130898 0.474662 0.491513 
0.717611 0.717257 0.657341 
0.126210 0.414122 0.524051 
0.736651 0.749159 0.648075 
0.622238 0.295328 0.215266 
0.660634 0.252936 0.264111 
0.687182 0.756567 0.631088 
0.154197 0.493784 0.509132 
0.635542 0.265868 0.171303 
0.709818 0.746284 0.723085 
0.206984 0.480087 0.518383 
0.133547 0.424321 0.518205 
0.709412 0.795073 0.637990 
0.641125 0.239695 0.271030 
0.716480 0.725861 0.712894 
0.654277 0.232702 0.134924 
0.149266 0.545184 0.538036 
0.662844 0.266266 0.185613 
0.189310 0.438888 0.520126 
0.704843 0.772839 0.741925 
0.139248 0.558244 0.546687 
0.583835 0.261586 0.172935 
0.769666 0.697805 0.670060 
0.624351 0.217138 0.180659 
0.728721 0.731752 0.705089 
0.142951 0.561467 0.526212 
0.620985 0.246187 0.243439 
0.149714 0.520069 0.519224 
0.715993 0.720337 0.703272 
0.620474 0.211996 0.199568 
0.704946 0.740521 0.662621 
0.134917 0.552233 0.498412 
0.699892 0.756831 0.645112 
0.141105 0.538500 0.510564 
0.648008 0.236153 0.176281 
0.181614 0.500567 0.521711 
0.636747 0.215807 0.200143 
0.691068 0.699798 0.664119 
0.240981 0.480771 0.525700 
0.730790 0.778438 0.696591 
0.621505 0.259645 0.150657 
0.732798 0.657593 0.698600 
0.606874 0.737090 0.675029 
0.164128 0.411189 0.507410 
0.623079 0.302503 0.123599 
0.684760 0.739725 0.737135 
0.665816 0.262099 0.173097 
0.183294 0.465418 0.500037 
0.727673 0.778447 0.688542 
0.636345 0.254682 0.171205 
0.126154 0.411953 0.489215 
0.660741 0.272404 0.135871 
0.739959 0.754376 0.706601 
0.188389 0.449217 0.545268 
0.632099 0.224341 0.204022 
0.237169 0.497964 0.516105 
0.745406 0.740209 0.694387 
0.612663 0.286830 0.187388 
0.202671 0.470417 0.539440 
0.612576 0.696645 0.286585 
0.705317 0.637421 0.629809 
0.139535 0.544913 0.503133 
0.612739 0.220854 0.221302 
0.752648 0.742588 0.712366 
0.593475 0.229252 0.214675 
0.749468 0.728615 0.697397 
0.157166 0.568831 0.542379 
0.753113 0.739139 0.711918 
0.614229 0.240993 0.143588 
0.160646 0.493707 0.538195 
0.703498 0.720707 0.708995 
0.144619 0.471321 0.560779 
0.631839 0.289194 0.161381 
0.643742 0.230743 0.153115 
0.691741 0.707476 0.723770 
0.204609 0.506250 0.525364 
0.677321 0.278896 0.159874 
0.152061 0.385811 0.512990 
0.686180 0.806039 0.730764 
0.724736 0.742986 0.726407 
0.153419 0.429927 0.581008 
0.626029 0.308755 0.125843 
0.157981 0.477315 0.535466 
0.675392 0.807844 0.652264 
0.665404 0.269031 0.140219 
0.723690 0.743241 0.648812 
0.619233 0.227249 0.230175 
0.148700 0.468500 0.515752 
0.699072 0.704512 0.687319 
0.157039 0.461845 0.517199 
0.635085 0.276583 0.185990 
0.563627 0.707047 0.238266 
0.622912 0.238215 0.154275 
0.724273 0.770171 0.705708 
0.170314 0.454270 0.567198 
0.677053 0.272412 0.173620 
0.129627 0.484872 0.525821 
0.676331 0.715598 0.650835 
0.179336 0.498880 0.503631 
0.650296 0.249121 0.259388 
0.744570 0.710728 0.674363 
0.631029 0.217252 0.212556 
0.713067 0.689804 0.696743 
0.163722 0.513891 0.490741 
0.593145 0.211026 0.153881 
0.728598 0.718382 0.708448 
0.137614 0.526053 0.575780 
0.144920 0.459489 0.592188 
0.749705 0.733597 0.616844 
0.579657 0.238575 0.179052 
0.155312 0.519932 0.494082 
0.600402 0.215567 0.260684 
0.756705 0.722240 0.693281 
0.127126 0.542813 0.531815 
0.602568 0.227966 0.175923 
0.735041 0.695690 0.731717 
0.635234 0.276390 0.227449 
0.713783 0.746502 0.631436 
0.140621 0.493608 0.578642 
0.147456 0.487984 0.511226 
0.636078 0.242272 0.231706 
0.706526 0.790380 0.686458 
0.744342 0.730768 0.626962 
0.578944 0.208722 0.204518 
0.199335 0.496660 0.567014 
0.588261 0.211931 0.207307 
0.763178 0.720439 0.688729 
0.121178 0.494708 0.523113 
0.665524 0.270819 0.154503 
0.167782 0.422357 0.530783 
0.675645 0.778553 0.654460 
0.145552 0.466961 0.462559 
0.672571 0.264425 0.239261 
0.673797 0.774258 0.737843 
0.731416 0.731741 0.701897 
0.616623 0.274382 0.245249 
0.149670 0.484138 0.560111 
0.597318 0.205434 0.246199 
0.156817 0.552912 0.528623 
0.745669 0.746243 0.684685 
0.136257 0.493351 0.512990 
0.769965 0.731149 0.691081 
0.613438 0.227706 0.163091 
0.654501 0.242710 0.173079 
0.190820 0.497331 0.545322 
0.681365 0.752618 0.665735 
0.747728 0.750463 0.677480 
0.137672 0.470198 0.506962 
0.610683 0.270174 0.249479 
0.696751 0.750165 0.688446 
0.635770 0.256799 0.133029 
0.167840 0.445781 0.521647 
0.744503 0.687649 0.714637 
0.127526 0.536959 0.514261 
0.622970 0.262228 0.126045 
0.697748 0.775822 0.163457 
0.670653 0.263830 0.656956 
0.142075 0.468893 0.506878 
0.726929 0.688333 0.712513 
0.623149 0.240802 0.188536 
0.133346 0.544838 0.485353 
0.175190 0.441388 0.503264 
0.657952 0.283350 0.269016 
0.687434 0.754883 0.689992 
0.722480 0.757698 0.640919 
0.159276 0.441990 0.524195 
0.647019 0.249497 0.257641 
0.628179 0.239288 0.158076 
0.122613 0.508213 0.510107 
0.712634 0.697343 0.641458 
0.600904 0.252270 0.173148 
0.225452 0.496397 0.537252 
0.732008 0.726510 0.664556 
0.647818 0.266458 0.277165 
0.175049 0.493117 0.561128 
0.746118 0.765792 0.637508 
0.548573 0.304719 0.143587 
0.693264 0.755925 0.741537 
0.146539 0.488669 0.516996 
0.655282 0.277761 0.262983 
0.743696 0.727000 0.697310 
0.610525 0.209979 0.193932 
0.173903 0.465853 0.554428 
0.613107 0.280357 0.188613 
0.145476 0.446105 0.590866 
0.730703 0.724150 0.662679 
0.147594 0.509229 0.544029 
0.580175 0.253426 0.143246 
0.758406 0.709514 0.704526 
0.187191 0.518617 0.606862 
0.763182 0.720016 0.669919 
0.566766 0.268320 0.177183 
0.702852 0.695128 0.231485 
0.145749 0.516284 0.521177 
0.597195 0.239478 0.342380 
0.674371 0.301098 0.741690 
0.617417 0.243665 0.148682 
0.714482 0.735036 0.640787 
0.137650 0.489661 0.557584 
0.736090 0.722764 0.676677 
0.132877 0.506262 0.560913 
0.618782 0.243668 0.200335 
0.708293 0.772580 0.683640 
0.655376 0.261971 0.264295 
0.146468 0.488155 0.499268 
0.657291 0.246901 0.174572 
0.729541 0.743897 0.695219 
0.127009 0.490179 0.541785 
0.730970 0.598251 0.679129 
0.643969 0.695306 0.246563 
0.143720 0.473978 0.586218 
0.551639 0.312534 0.268690 
0.735670 0.780987 0.679372 
0.619333 0.213819 0.192033 
0.229954 0.483779 0.529455 
0.176538 0.516495 0.503636 
0.624925 0.208943 0.200963 
0.704377 0.745317 0.723343 
0.651869 0.265554 0.235794 
0.136653 0.419363 0.468704 
0.684575 0.752539 0.728886 
0.186714 0.447393 0.578516 
0.737359 0.752427 0.648914 
0.625406 0.249328 0.174307 
0.123079 0.417761 0.510108 
0.728686 0.752517 0.648557 
0.633417 0.357364 0.727944 
0.609669 0.278886 0.274352 
0.734089 0.752675 0.691254 
0.163706 0.450841 0.556891 
0.626441 0.300314 0.170608 
0.640463 0.277105 0.170583 
0.128283 0.450249 0.533703 
0.702488 0.753392 0.672031 
0.674453 0.796689 0.629130 
0.680095 0.302157 0.157872 
0.154114 0.388237 0.543840 
0.573301 0.193732 0.162684 
0.757373 0.730913 0.720490 
0.184985 0.571798 0.520684 
0.711664 0.710463 0.655406 
0.171308 0.482927 0.510288 
0.657044 0.245507 0.203698 
0.646350 0.293673 0.200553 
0.138367 0.439782 0.580710 
0.715594 0.734868 0.734389 
0.582788 0.218466 0.214133 
0.168294 0.571086 0.568897 
0.753580 0.757004 0.630911 
0.234880 0.514378 0.589904 
0.715771 0.745979 0.667662 
0.632291 0.259927 0.175933 
0.170982 0.389342 0.485004 
0.613821 0.233792 0.275524 
0.159100 0.464489 0.532203 
0.727993 0.784777 0.637044 
0.676693 0.274173 0.170462 
0.142049 0.450714 0.474033 
0.683511 0.738558 0.697678 
0.697571 0.737745 0.656121 
0.658137 0.277980 0.246281 
0.130618 0.424711 0.497996 
0.551092 0.215074 0.143804 
0.140431 0.565342 0.531482 
0.774398 0.697490 0.657260 
0.645131 0.287748 0.155168 
0.176710 0.466768 0.546982 
0.709802 0.781105 0.648064 
0.207003 0.473051 0.569362 
0.758819 0.732894 0.642932 
0.560228 0.237133 0.143957 
0.558430 0.257128 0.197208 
0.143398 0.525853 0.563087 
0.654879 0.293623 0.653605 
0.748363 0.754643 0.574963 
0.650619 0.253914 0.151449 
0.201487 0.492549 0.553834 
0.702097 0.785513 0.713521 
0.126633 0.426679 0.495535 
0.647310 0.283458 0.243258 
0.699304 0.728733 0.721204 
0.727209 0.765625 0.647693 
0.602598 0.221463 0.229554 
0.170318 0.471717 0.523500 
0.155712 0.442154 0.583691 
0.672809 0.268942 0.141257 
0.736668 0.745349 0.637819 
0.169942 0.458216 0.485828 
0.741513 0.728727 0.726065 
0.581429 0.191297 0.132193 
0.649423 0.256427 0.174237 
0.174507 0.474458 0.534432 
0.696648 0.727853 0.736767 
0.687950 0.773429 0.695139 
0.159162 0.419710 0.507295 
0.676923 0.291351 0.173549 
0.624373 0.267345 0.168230 
0.211974 0.459061 0.550263 
0.744977 0.762852 0.656757 
0.570012 0.714236 0.281924 
0.614577 0.228422 0.198119 
0.741372 0.634803 0.675727 
0.182458 0.442257 0.569369 
0.671899 0.301862 0.714879 
0.132870 0.404226 0.537743 
0.679625 0.742617 0.161568 
0.675081 0.269911 0.641427 
0.714038 0.721965 0.204661 
0.165523 0.442306 0.508433 
0.175677 0.442321 0.532954 
0.673499 0.271490 0.221264 
0.706125 0.732353 0.688307 
0.689874 0.772514 0.744222 
0.146497 0.545444 0.534351 
0.655456 0.233733 0.213806 
0.650173 0.275244 0.134592 
0.209803 0.462721 0.525626 
0.686068 0.761696 0.667776 
0.530212 0.259766 0.292348 
0.720442 0.734545 0.716405 
0.145714 0.435216 0.503358 
0.610579 0.255544 0.233643 
0.604965 0.216132 0.252298 
0.746507 0.754571 0.641042 
0.131393 0.473517 0.549628 
0.652408 0.292182 0.634525 
0.699844 0.777639 0.240001 
0.149468 0.441267 0.532007 
0.125267 0.456559 0.501079 
0.702175 0.793786 0.176840 
0.674476 0.287919 0.637694 
0.671252 0.267453 0.727638 
0.145712 0.436048 0.512704 
0.685079 0.721889 0.174660 
0.696213 0.789713 0.168269 
0.202862 0.437219 0.537899 
0.670536 0.282037 0.644053 
0.652689 0.271264 0.657951 
0.700054 0.732187 0.215064 
0.143835 0.441489 0.529177 
0.148159 0.502916 0.496489 
0.717071 0.742896 0.204102 
0.659720 0.256652 0.670088 
0.690240 0.739282 0.198976 
0.669932 0.270807 0.647192 
0.184577 0.463838 0.506346 
0.134213 0.441815 0.476716 
0.660742 0.269973 0.686691 
0.719537 0.756289 0.229778 
0.639461 0.705983 0.540262 
0.132075 0.456778 0.546925 
0.690714 0.707264 0.190930 
0.661291 0.268111 0.692259 
0.714581 0.764453 0.675608 
0.221819 0.466668 0.510267 
0.622005 0.254363 0.158519 
0.611166 0.574665 0.621658 
0.197687 0.510669 0.571866 
0.753610 0.719216 0.677868 
0.606760 0.235649 0.122071 
0.715304 0.624305 0.205189 
0.143261 0.522056 0.532938 
0.738413 0.753748 0.657398 
0.599935 0.198098 0.173355 
0.743913 0.719239 0.642363 
0.625996 0.228193 0.127501 
0.169863 0.495466 0.579760 
0.752641 0.630674 0.711486 
0.162293 0.390647 0.482319 
0.634939 0.779274 0.168640 
0.520909 0.287264 0.223892 
0.652183 0.232009 0.278148 
0.135408 0.542629 0.496597 
0.682379 0.767009 0.735535 
0.682816 0.737074 0.620976 
0.135177 0.433305 0.572973 
0.679314 0.295630 0.209998 
0.589014 0.266768 0.139702 
0.751546 0.756301 0.697717 
0.169585 0.527549 0.579645 
0.673524 0.270890 0.148352 
0.128493 0.425910 0.556076 
0.723102 0.768557 0.731058 
0.746517 0.726642 0.709374 
0.135875 0.444913 0.530090 
0.602914 0.302798 0.231182 
0.583512 0.775872 0.313992 
0.626824 0.209231 0.259975 
0.759490 0.747970 0.694230 
0.162628 0.529159 0.503632 
0.766898 0.706719 0.665122 
0.130260 0.520364 0.538303 
0.598041 0.283189 0.185117 
0.757198 0.723919 0.669799 
0.634862 0.223679 0.140739 
0.164847 0.476440 0.607284 
0.144659 0.496241 0.556223 
0.616851 0.233437 0.149409 
0.721202 0.743702 0.727021 
0.689813 0.798794 0.739477 
0.664571 0.296651 0.212414 
0.181474 0.423314 0.498829 
0.614806 0.241147 0.194290 
0.704275 0.690327 0.662729 
0.177744 0.516822 0.546551 
0.689850 0.793889 0.636303 
0.122842 0.495654 0.522916 
0.660006 0.278032 0.261063 
0.745806 0.746628 0.704945 
0.599355 0.283468 0.182863 
0.160358 0.506286 0.607932 
0.767343 0.735250 0.691204 
0.163710 0.577270 0.523247 
0.558933 0.208202 0.147659 
0.677220 0.275121 0.170943 
0.165911 0.405564 0.577111 
0.686247 0.787404 0.637884 
0.158007 0.552540 0.551565 
0.764490 0.716827 0.687852 
0.611478 0.202711 0.136795 
0.728443 0.778897 0.630377 
0.141770 0.421313 0.565858 
0.644297 0.230458 0.207145 
0.698453 0.742285 0.248631 
0.154132 0.496950 0.489759 
0.655987 0.255951 0.682947 
0.669363 0.261274 0.678715 
0.690195 0.780459 0.219181 
0.128683 0.434296 0.519639 
0.704696 0.799558 0.225413 
0.130695 0.408746 0.486744 
0.668150 0.272053 0.734574 
0.572388 0.301794 0.188454 
0.667269 0.265281 0.691820 
0.679410 0.730911 0.158131 
0.138906 0.441727 0.500867 
0.659504 0.248250 0.690136 
0.156967 0.513824 0.522711 
0.686502 0.767782 0.214515 
0.716640 0.742417 0.686498 
0.607554 0.208065 0.236755 
0.216049 0.487327 0.521282 
0.757908 0.719127 0.684139 
0.147763 0.501920 0.528925 
0.637147 0.263942 0.261703 
0.553309 0.428872 0.167105 
0.606295 0.239546 0.225383 
0.167088 0.481902 0.536103 
0.723575 0.754694 0.662934 
0.154168 0.524227 0.592083 
0.756199 0.745113 0.656400 
0.593320 0.196783 0.203656 
0.702997 0.762488 0.657234 
0.633839 0.217262 0.229080 
0.127374 0.442169 0.487253 
0.619801 0.253223 0.178978 
0.745639 0.753472 0.655052 
0.156547 0.522612 0.566373 
0.132072 0.490211 0.533563 
0.692938 0.719032 0.626873 
0.648539 0.277113 0.172104 
0.675118 0.285369 0.686926 
0.152837 0.432799 0.523315 
0.667513 0.765788 0.199165 
0.646182 0.245516 0.662186 
0.707973 0.781188 0.234248 
0.139029 0.526696 0.496469 
0.159078 0.475565 0.475829 
0.724682 0.707947 0.555132 
0.649405 0.244914 0.698845 
0.584245 0.689080 0.237853 
0.588723 0.782646 0.158500 
0.753055 0.618874 0.644136 
0.167123 0.426164 0.545938 
0.597187 0.290610 0.276120 
0.136638 0.509865 0.501198 
0.755250 0.747718 0.702478 
0.622826 0.231227 0.125976 
0.171508 0.464345 0.597528 
0.623858 0.275710 0.136023 
0.715545 0.715575 0.659737 
0.658419 0.239024 0.143947 
0.182847 0.483294 0.541315 
0.686903 0.781762 0.640382 
0.624384 0.249919 0.225106 
0.702398 0.712982 0.662833 
0.167079 0.507895 0.567207 
0.727499 0.720528 0.701855 
0.141555 0.441810 0.492447 
0.649632 0.292055 0.181862 
0.150136 0.429044 0.517450 
0.736109 0.756747 0.670379 
0.646248 0.238602 0.273472 
0.740164 0.763048 0.666205 
0.666473 0.283195 0.168254 
0.139963 0.466886 0.542500 
0.625702 0.218114 0.236357 
0.723217 0.695816 0.647572 
0.168479 0.514419 0.510099 
0.767112 0.709789 0.593075 
0.604101 0.293131 0.661668 
0.583674 0.708627 0.151175 
0.133806 0.483857 0.519525 
0.147125 0.505564 0.513035 
0.651685 0.251697 0.224177 
0.692032 0.761984 0.687860 
0.642200 0.235557 0.142974 
0.722975 0.779692 0.674904 
0.214165 0.458114 0.533927 
0.613887 0.253092 0.704162 
0.748937 0.754829 0.592134 
0.199828 0.454380 0.472785 
0.638674 0.353953 0.268301 
0.725475 0.729065 0.690154 
0.636408 0.253306 0.159014 
0.170137 0.466267 0.598257 
0.133753 0.428287 0.500280 
0.737675 0.776264 0.690180 
0.623820 0.221939 0.232011 
0.166217 0.493097 0.544054 
0.634077 0.214452 0.211309 
0.714003 0.743453 0.724986 
0.680009 0.790186 0.737040 
0.657616 0.288058 0.160887 
0.137286 0.435782 0.521859 
0.645692 0.228625 0.201197 
0.164744 0.448585 0.530163 
0.706531 0.713657 0.731710 
0.144365 0.496671 0.494635 
0.752560 0.721461 0.715810 
0.635251 0.261074 0.140596 
0.216613 0.468910 0.505989 
0.655200 0.242222 0.299441 
0.586030 0.711442 0.167738 
0.721778 0.648162 0.695925 
0.607521 0.199943 0.219777 
0.755021 0.758425 0.672193 
0.140763 0.481325 0.496037 
0.735501 0.768211 0.675017 
0.165054 0.515383 0.561460 
0.653888 0.235997 0.653814 
0.601561 0.786812 0.247079 
0.173816 0.469170 0.491170 
0.739062 0.753081 0.699037 
0.635220 0.279704 0.262792 
0.687401 0.746535 0.704614 
0.644091 0.232411 0.184201 
0.139735 0.469437 0.555107 
0.136024 0.440949 0.576624 
0.715737 0.785637 0.646468 
0.576226 0.273715 0.158091 
0.658512 0.380581 0.265604 
0.610153 0.219116 0.186061 
0.762708 0.732655 0.704168 
0.129739 0.520585 0.532221 
0.702031 0.751497 0.727105 
0.632407 0.211693 0.183133 
0.174467 0.540899 0.527084 
0.651722 0.271109 0.209213 
0.131380 0.467529 0.480149 
0.751902 0.727794 0.717996 
0.668490 0.755956 0.650711 
0.665407 0.258685 0.135398 
0.143956 0.439638 0.584649 
0.750160 0.741618 0.699876 
0.599571 0.247189 0.189794 
0.147115 0.535364 0.517952 
0.657859 0.251311 0.167446 
0.159516 0.510534 0.531004 
0.705861 0.765906 0.728306 
0.740700 0.734710 0.704894 
0.592745 0.214284 0.197536 
0.160461 0.439649 0.545267 
0.598493 0.223055 0.159344 
0.744264 0.720786 0.702065 
0.155172 0.522360 0.528776 
0.750297 0.724031 0.669199 
0.131898 0.523104 0.515227 
0.569227 0.245664 0.181612 
0.751139 0.749014 0.669220 
0.146930 0.442400 0.502703 
0.638803 0.297073 0.245188 
0.753155 0.759469 0.708681 
0.136587 0.428691 0.475595 
0.580706 0.238665 0.190357 
0.128957 0.538046 0.481057 
0.746673 0.705550 0.726431 
0.598807 0.277196 0.122902 
0.729878 0.756010 0.715698 
0.166004 0.432749 0.503936 
0.610006 0.275734 0.225311 
0.664989 0.285966 0.246551 
0.733714 0.739335 0.629555 
0.135778 0.452241 0.548408 
0.145798 0.473066 0.479312 
0.697855 0.780636 0.688792 
0.663288 0.280179 0.156130 
0.720549 0.751306 0.661103 
0.185697 0.481977 0.551899 
0.638499 0.259706 0.211160 
0.739699 0.716587 0.679544 
0.182265 0.503193 0.518876 
0.643048 0.253169 0.131697 
0.135091 0.474804 0.484459 
0.631340 0.212265 0.228534 
0.716687 0.784885 0.731284 
0.696785 0.779777 0.743299 
0.643847 0.290219 0.207168 
0.180271 0.423623 0.500833 
0.196542 0.469454 0.508611 
0.743736 0.725333 0.687722 
0.619406 0.273119 0.226040 
0.746493 0.686730 0.682334 
0.126185 0.547713 0.535686 
0.623086 0.252024 0.263191 
0.714691 0.777642 0.695290 
0.217301 0.464995 0.507971 
0.632225 0.221275 0.208054 
0.150166 0.489451 0.578445 
0.637066 0.274507 0.135319 
0.728056 0.781420 0.691126 
0.164808 0.518127 0.560444 
0.760403 0.751207 0.711605 
0.616561 0.238286 0.180749 
0.751573 0.704984 0.649383 
0.572644 0.276554 0.204691 
0.143757 0.550981 0.504445 
0.743066 0.759335 0.701872 
0.648333 0.285277 0.249297 
0.139970 0.433696 0.481177 
0.145257 0.560845 0.587195 
0.604355 0.229425 0.198068 
0.719276 0.710683 0.726215 
0.721267 0.724384 0.740113 
0.652865 0.231426 0.259293 
0.163041 0.522244 0.514898 
0.761857 0.741530 0.688751 
0.178902 0.451822 0.561742 
0.636662 0.240696 0.215303 
0.175868 0.455104 0.530452 
0.660024 0.264660 0.214820 
0.696315 0.730156 0.640063 
0.126297 0.486022 0.529810 
0.639649 0.239936 0.214323 
0.705142 0.716102 0.711287 
0.763942 0.735843 0.710069 
0.140894 0.464193 0.488168 
0.611891 0.250248 0.281573 
0.769652 0.721562 0.671153 
0.616094 0.219385 0.127224 
0.186352 0.495166 0.590116 
0.645227 0.249943 0.150298 
0.716477 0.745304 0.684802 
0.187388 0.498588 0.550403 
0.749108 0.765203 0.696315 
0.659412 0.264981 0.161848 
0.152154 0.451864 0.523673 
0.183713 0.450900 0.538566 
0.659318 0.266289 0.142816 
0.682254 0.789028 0.685384 
0.616905 0.204969 0.136507 
0.707550 0.754500 0.719933 
0.135384 0.487661 0.506749 
0.153648 0.489489 0.556846 
0.714558 0.712522 0.724190 
0.661920 0.262778 0.186034 
0.537068 0.703235 0.203462 
0.738261 0.618572 0.679565 
0.602220 0.199707 0.243156 
0.206907 0.474372 0.548546 
0.668591 0.266474 0.153636 
0.685705 0.778361 0.680353 
0.143974 0.496757 0.527507 
0.147516 0.410662 0.589536 
0.683585 0.771150 0.696924 
0.667918 0.286359 0.143667 
0.175659 0.512778 0.568008 
0.745969 0.739162 0.625475 
0.643544 0.238273 0.189123 
0.634736 0.263146 0.247364 
0.159770 0.432515 0.514356 
0.704584 0.761999 0.634700 
0.668198 0.292597 0.210474 
0.731476 0.759243 0.660079 
0.139649 0.448205 0.507689 
0.609328 0.261683 0.259067 
0.135947 0.427639 0.558750 
0.759907 0.745220 0.636132 
0.163097 0.453953 0.566174 
0.632991 0.246550 0.203053 
0.704140 0.781662 0.643437 
0.654452 0.727920 0.630807 
0.151415 0.510437 0.591762 
0.592872 0.199725 0.161005 
0.707566 0.587670 0.181308 
0.167804 0.486051 0.547814 
0.599821 0.210145 0.243473 
0.758685 0.743626 0.644963 
0.184524 0.412850 0.498470 
0.566245 0.756604 0.330819 
0.649204 0.278048 0.159996 
0.687725 0.650048 0.714966 
0.653465 0.231353 0.131896 
0.689942 0.765202 0.741641 
0.203936 0.491388 0.570475 
0.684636 0.310234 0.210956 
0.145238 0.384924 0.506847 
0.674930 0.788498 0.739369 
0.571207 0.195090 0.128093 
0.209722 0.534924 0.593396 
0.739822 0.702955 0.619709 
0.721212 0.723845 0.724706 
0.169245 0.446865 0.579628 
0.625482 0.300285 0.128807 
0.162633 0.480292 0.551948 
0.751772 0.734834 0.697940 
0.630910 0.222366 0.124821 
0.724809 0.728422 0.643759 
0.619412 0.263220 0.199722 
0.202793 0.462401 0.535217 
0.661935 0.256606 0.192622 
0.185672 0.463925 0.515424 
0.695849 0.737577 0.634399 
0.713217 0.770552 0.710873 
0.164099 0.454544 0.516172 
0.643350 0.231265 0.188191 
0.630194 0.241116 0.183655 
0.715769 0.694311 0.640032 
0.125096 0.510280 0.546624 
0.639448 0.231084 0.223042 
0.692319 0.696847 0.714795 
0.134743 0.477432 0.485145 
0.130976 0.534914 0.545201 
0.713881 0.736356 0.688189 
0.617719 0.233202 0.173105 
0.650701 0.293404 0.254415 
0.123165 0.467519 0.514579 
0.699779 0.791226 0.637815 
0.565253 0.221468 0.174237 
0.673692 0.269341 0.628966 
0.675197 0.785119 0.275606 
0.206738 0.496790 0.549003 
0.645070 0.277391 0.189648 
0.706785 0.775472 0.645967 
0.212876 0.454003 0.520155 
0.570749 0.249691 0.137708 
0.756727 0.735464 0.657579 
0.200079 0.524535 0.565865 
0.589196 0.241838 0.128121 
0.747216 0.730926 0.695094 
0.207483 0.468385 0.599397 
0.149911 0.484330 0.518986 
0.733766 0.734342 0.640890 
0.631147 0.265787 0.230040 
0.721984 0.590946 0.703427 
0.598532 0.778693 0.622527 
0.185191 0.463685 0.540740 
0.661746 0.241808 0.185542 
0.177597 0.491379 0.534524 
0.741676 0.718579 0.649943 
0.607391 0.254483 0.146407 
0.132996 0.461467 0.552742 
0.721394 0.724340 0.656526 
0.616645 0.278671 0.124579 
0.727053 0.747333 0.697185 
0.612596 0.289884 0.246643 
0.184311 0.452830 0.498599 
0.706477 0.737973 0.698606 
0.627717 0.235623 0.187635 
0.175625 0.505823 0.534355 
0.179191 0.434227 0.582629 
0.642523 0.296357 0.163604 
0.713463 0.759456 0.642113 
0.133588 0.545520 0.566031 
0.771362 0.723396 0.627897 
0.585557 0.257765 0.179053 
0.762853 0.723860 0.710168 
0.128360 0.470825 0.519488 
0.634453 0.288165 0.171333 
0.702705 0.713002 0.726439 
0.638076 0.267688 0.230448 
0.125161 0.470231 0.521441 
0.148405 0.490435 0.531600 
0.669903 0.269849 0.242108 
0.682527 0.795738 0.704998 
0.740239 0.769978 0.717548 
0.179768 0.441861 0.501330 
0.600985 0.236132 0.228484 
0.619765 0.223792 0.129603 
0.178523 0.518148 0.605752 
0.710991 0.764920 0.647413 
0.683253 0.776778 0.657633 
0.156518 0.445425 0.549824 
0.674446 0.289500 0.150014 
0.637179 0.288866 0.222812 
0.153532 0.432454 0.502533 
0.703031 0.755292 0.667267 
0.640568 0.222622 0.240722 
0.709940 0.722862 0.690102 
0.141397 0.505280 0.528875 
0.756018 0.673804 0.552991 
0.639363 0.247034 0.193339 
0.695348 0.722658 0.694559 
0.183229 0.472016 0.490690 
0.699272 0.802419 0.683930 
0.155037 0.555753 0.587676 
0.604164 0.236109 0.153488 
0.726476 0.590391 0.583986 
0.675027 0.289007 0.221469 
0.707954 0.774174 0.629944 
0.156709 0.412806 0.545261 
0.130231 0.467553 0.547685 
0.730659 0.745688 0.662789 
0.612033 0.220217 0.137819 
0.192095 0.533546 0.606939 
0.555562 0.191331 0.157452 
0.750510 0.726484 0.627058 
0.138651 0.488896 0.494716 
0.653768 0.260573 0.204860 
0.689425 0.755026 0.668767 
0.128912 0.514547 0.558027 
0.595246 0.256497 0.167716 
0.728672 0.696632 0.663094 
0.123734 0.436176 0.527500 
0.594410 0.310806 0.192582 
0.554605 0.675199 0.230207 
0.729052 0.665546 0.688577 
0.606246 0.264580 0.196432 
0.743868 0.758775 0.653399 
0.181236 0.449607 0.560490 
0.141496 0.433483 0.569672 
0.629420 0.296574 0.240150 
0.718244 0.740379 0.631997 
0.669911 0.256725 0.211894 
0.691572 0.761666 0.641579 
0.143992 0.478159 0.527491 
0.123371 0.412873 0.497721 
0.663969 0.279301 0.237140 
0.719949 0.775473 0.639783 
0.653593 0.267262 0.225064 
0.160429 0.435987 0.557827 
0.680374 0.756793 0.647696 
0.594268 0.210770 0.204613 
0.130105 0.476953 0.532434 
0.747047 0.732394 0.672941 
0.543565 0.716122 0.150202 
0.716390 0.714509 0.694174 
0.131560 0.498362 0.488928 
0.659827 0.265798 0.191121 
0.705700 0.711541 0.638396 
0.212808 0.470935 0.531085 
0.625915 0.236558 0.130029 
0.743616 0.729951 0.691860 
0.625828 0.252453 0.137286 
0.217504 0.475120 0.563292 
0.643228 0.224936 0.169865 
0.176264 0.519219 0.509903 
0.720524 0.693973 0.676547 
0.722768 0.705639 0.676356 
0.153129 0.482233 0.491448 
0.634133 0.260614 0.279945 
0.134854 0.535281 0.531582 
0.649829 0.242474 0.137723 
0.689148 0.737966 0.710456 
0.723824 0.615129 0.713692 
0.207553 0.491082 0.506546 
0.715891 0.759731 0.253266 
0.569890 0.247422 0.294930 
0.730145 0.711105 0.655556 
0.605582 0.212546 0.252910 
0.126595 0.548245 0.503090 
0.574744 0.218715 0.148092 
0.747490 0.715823 0.657234 
0.157358 0.550692 0.541059 
0.764271 0.711153 0.649327 
0.601587 0.268646 0.258649 
0.132246 0.538316 0.540493 
0.639874 0.272002 0.230817 
0.741872 0.733317 0.720237 
0.143573 0.496534 0.564282 
0.163027 0.481793 0.600195 
0.592591 0.212701 0.147205 
0.759301 0.744138 0.645576 
0.157172 0.460698 0.549484 
0.732381 0.736815 0.722193 
0.605495 0.211473 0.226019 
0.618042 0.283892 0.147480 
0.727927 0.775343 0.667594 
0.191324 0.459776 0.525274 
0.732410 0.764151 0.670389 
0.177885 0.542116 0.543508 
0.609475 0.225756 0.160183 
0.128292 0.524693 0.561172 
0.632485 0.250170 0.193407 
0.702411 0.712848 0.622422 
0.635298 0.215884 0.288467 
0.132139 0.521413 0.502235 
0.763974 0.715800 0.657421 
0.606232 0.270057 0.281962 
0.135550 0.532246 0.540543 
0.741461 0.762863 0.642273 
0.586957 0.234183 0.612274 
0.736919 0.742795 0.727100 
0.144422 0.480444 0.526066 
0.627644 0.615783 0.180752 
0.577835 0.669134 0.211287 
0.774400 0.671653 0.697215 
0.552500 0.228587 0.186793 
0.212647 0.461446 0.571576 
0.685508 0.720468 0.726798 
0.124344 0.462828 0.500387 
0.654379 0.285658 0.262408 
0.629233 0.263312 0.189408 
0.730855 0.761329 0.733195 
0.135257 0.451746 0.494986 
0.741650 0.716524 0.721419 
0.598005 0.226604 0.212558 
0.150666 0.472513 0.491749 
0.660372 0.281308 0.177783 
0.688007 0.767481 0.710621 
0.192764 0.449317 0.549226 
0.661739 0.280259 0.163632 
0.160798 0.459194 0.502836 
0.671952 0.696238 0.715016 
0.749708 0.748665 0.704908 
0.170193 0.505204 0.541341 
0.652593 0.235853 0.169635 
0.161930 0.432741 0.561823 
0.623633 0.280047 0.223114 
0.742811 0.758327 0.675665 
0.737228 0.751805 0.722606 
0.614359 0.307306 0.202283 
0.156218 0.438894 0.502357 
0.663428 0.266268 0.260138 
0.683977 0.762993 0.687061 
0.178407 0.487154 0.445387 
0.241591 0.450783 0.584486 
0.652732 0.252657 0.132290 
0.167115 0.450562 0.608063 
0.707922 0.780282 0.669088 
0.127570 0.444883 0.487139 
0.644558 0.290141 0.151013 
0.707240 0.745497 0.717671 
0.599854 0.210844 0.682301 
0.171599 0.554639 0.486692 
0.739668 0.697484 0.672892 
0.633423 0.581867 0.223636 
0.228303 0.479533 0.537433 
0.624056 0.247567 0.185283 
0.707745 0.732193 0.635293 
0.749216 0.731683 0.675570 
0.180927 0.513819 0.561291 
0.608588 0.224018 0.121407 
0.727704 0.772980 0.699599 
0.642383 0.269021 0.219516 
0.132305 0.502102 0.520329 
0.745794 0.765801 0.691495 
0.137965 0.440744 0.525195 
0.617652 0.264435 0.175250 
0.667493 0.269393 0.186713 
0.185127 0.449406 0.496492 
0.696681 0.798847 0.691215 
0.756135 0.716559 0.658900 
0.589313 0.255830 0.174624 
0.131551 0.485508 0.495651 
0.162237 0.398720 0.522195 
0.662055 0.806058 0.700553 
0.679486 0.304611 0.245215 
0.609895 0.199179 0.191558 
0.151573 0.443251 0.522418 
0.728932 0.726007 0.667160 
0.173859 0.455380 0.525677 
0.615681 0.255695 0.236505 
0.722906 0.723135 0.645779 
0.152250 0.432237 0.510087 
0.743460 0.743592 0.675797 
0.589846 0.215269 0.192839 
0.652632 0.266188 0.171804 
0.137793 0.472506 0.519905 
0.701803 0.746787 0.730768 
0.595365 0.223407 0.152776 
0.723882 0.697127 0.656969 
0.150949 0.523277 0.561184 
0.725243 0.703356 0.691972 
0.612246 0.241431 0.147809 
0.143611 0.477870 0.482456 
0.588587 0.685710 0.284399 
0.592950 0.218920 0.140071 
0.718460 0.691765 0.620818 
0.164397 0.527938 0.594120 
0.671757 0.722305 0.677248 
0.663230 0.283110 0.144623 
0.162654 0.450125 0.579311 
0.632837 0.218447 0.260026 
0.724269 0.784690 0.709962 
0.143874 0.527298 0.535383 
0.532905 0.238845 0.240477 
0.650079 0.381716 0.248360 
0.218636 0.471910 0.529356 
0.717866 0.741517 0.684315 
0.624564 0.260088 0.205511 
0.728420 0.753040 0.697413 
0.130239 0.487969 0.521600 
0.144138 0.483439 0.574952 
0.685514 0.718125 0.149840 
0.664694 0.259737 0.657810 
0.668044 0.259889 0.686568 
0.665333 0.784926 0.139815 
0.182647 0.440936 0.560294 
0.705826 0.715384 0.191767 
0.171556 0.505283 0.479901 
0.643508 0.244204 0.727042 
0.149961 0.467119 0.577551 
0.670730 0.266017 0.625924 
0.681610 0.777946 0.177841 
0.660819 0.259913 0.138111 
0.151625 0.464619 0.584043 
0.691713 0.740961 0.662635 
0.153864 0.503767 0.567757 
0.750301 0.748692 0.708972 
0.603117 0.232855 0.204679 
0.735288 0.722272 0.656600 
0.618168 0.748150 0.230235 
0.167503 0.469508 0.533936 
0.623180 0.248515 0.219422 
0.222143 0.518287 0.535505 
0.591464 0.230029 0.215865 
0.734894 0.733573 0.656553 
0.129527 0.424130 0.497206 
0.639922 0.265752 0.283010 
0.699551 0.782753 0.696218 
0.640685 0.252118 0.237680 
0.172183 0.476060 0.502696 
0.709058 0.753101 0.675772 
0.144898 0.554119 0.580917 
0.729235 0.711240 0.694892 
0.590280 0.234272 0.171134 
0.641198 0.243441 0.159118 
0.695661 0.787907 0.623842 
0.164623 0.423449 0.550868 
0.204859 0.538648 0.557884 
0.607702 0.202805 0.207256 
0.728058 0.765087 0.707588 
0.677178 0.723995 0.722848 
0.171831 0.488292 0.518591 
0.660349 0.262938 0.230155 
0.602958 0.216862 0.237679 
0.731625 0.767327 0.642793 
0.211187 0.472883 0.531397 
0.770141 0.705537 0.634139 
0.182368 0.545975 0.569289 
0.587938 0.205056 0.211725 
0.638988 0.225055 0.234086 
0.717482 0.787751 0.647054 
0.161011 0.493501 0.521005 
0.658999 0.257234 0.258013 
0.166830 0.444862 0.502683 
0.679018 0.739450 0.695766 
0.730037 0.773701 0.715821 
0.611322 0.234479 0.121625 
0.176390 0.480320 0.569546 
0.716654 0.688129 0.716994 
0.613624 0.253198 0.164219 
0.149836 0.531492 0.526234 
0.612302 0.231681 0.149291 
0.220409 0.479252 0.537972 
0.730455 0.773648 0.653039 
0.677919 0.746764 0.693129 
0.657989 0.285285 0.145929 
0.129775 0.408666 0.539094 
0.745053 0.702163 0.691791 
0.135712 0.509488 0.479502 
0.610782 0.204252 0.249173 
0.621870 0.282992 0.268463 
0.143134 0.482606 0.549386 
0.716540 0.739572 0.731738 
0.154525 0.425202 0.489257 
0.656038 0.299761 0.251716 
0.687246 0.751697 0.665033 
0.176768 0.535102 0.504803 
0.618411 0.237643 0.248724 
0.751669 0.721078 0.696740 
0.730152 0.702524 0.652978 
0.145757 0.545751 0.552479 
0.609783 0.200088 0.237866 
0.157891 0.456674 0.534732 
0.759738 0.732143 0.697898 
0.641445 0.278755 0.165597 
0.642435 0.231671 0.213617 
0.730334 0.778319 0.725096 
0.172425 0.497368 0.510068 
0.127196 0.473265 0.506681 
0.703273 0.717142 0.633476 
0.666772 0.278840 0.159124 
0.618374 0.609858 0.289800 
0.633094 0.744964 0.209579 
0.563987 0.228691 0.226623 
0.175474 0.416052 0.584640 
0.746923 0.677383 0.647964 
0.611620 0.215349 0.227884 
0.742088 0.748178 0.633957 
0.178905 0.465619 0.551785 
0.747894 0.761612 0.667299 
0.125166 0.431903 0.536242 
0.607007 0.300321 0.152666 
0.628030 0.219659 0.198371 
0.165482 0.496496 0.562732 
0.763976 0.731715 0.699896 
0.163508 0.517627 0.606013 
0.698978 0.684716 0.630084 
0.635484 0.238718 0.155951 
0.156365 0.503774 0.478487 
0.753526 0.719458 0.710778 
0.646861 0.258004 0.248334 
0.752274 0.740300 0.654296 
0.182701 0.534185 0.561823 
0.620844 0.228376 0.167066 
0.757396 0.740433 0.710805 
0.137411 0.473138 0.581633 
0.616662 0.288843 0.121429 
0.149366 0.482549 0.472297 
0.666356 0.258400 0.156468 
0.720865 0.752168 0.737856 
0.156047 0.457964 0.601016 
0.698443 0.793215 0.713324 
0.665532 0.251935 0.145301 
0.167443 0.497550 0.607962 
0.600461 0.223203 0.129650 
0.745975 0.758064 0.618903 
0.189783 0.461277 0.527642 
0.618138 0.207174 0.195705 
0.710966 0.734675 0.644913 
0.650181 0.227751 0.238270 
0.136032 0.454001 0.506122 
0.712444 0.783824 0.702105 
0.160799 0.452569 0.474864 
0.689007 0.760339 0.704649 
0.659700 0.261146 0.182705 
0.641966 0.264005 0.239722 
0.687355 0.697096 0.628592 
0.145053 0.513290 0.537558 
0.624816 0.229787 0.249167 
0.173346 0.536018 0.518152 
0.737921 0.690452 0.644309 
0.600640 0.204738 0.154368 
0.746830 0.761572 0.645841 
0.148963 0.537912 0.536257 
0.624169 0.212415 0.154193 
0.125181 0.439543 0.522222 
0.706526 0.733379 0.675360 
0.722030 0.640446 0.220173 
0.160642 0.469604 0.483879 
0.648297 0.691724 0.708852 
0.620782 0.269334 0.682038 
0.564189 0.240045 0.243662 
0.696484 0.773896 0.664306 
0.677197 0.340898 0.241788 
0.200883 0.520797 0.550512 
0.155893 0.400924 0.586759 
0.693363 0.786908 0.159051 
0.656513 0.261550 0.668216 
0.593410 0.193623 0.213092 
0.744664 0.742208 0.698958 
0.189324 0.494824 0.499428 
0.737082 0.743464 0.711433 
0.610965 0.258143 0.204900 
0.129289 0.460767 0.501364 
0.581071 0.775254 0.234572 
0.765671 0.677041 0.665505 
0.149339 0.416917 0.525871 
0.562179 0.289412 0.301889 
0.696960 0.692154 0.646299 
0.627492 0.235855 0.231731 
0.143468 0.523019 0.538720 
0.137640 0.448071 0.526955 
0.710014 0.756427 0.666855 
0.652192 0.268985 0.252290 
0.650273 0.256467 0.164022 
0.149206 0.510643 0.591982 
0.768025 0.728636 0.703995 
0.747518 0.717336 0.694158 
0.141688 0.506916 0.503088 
0.643610 0.267884 0.256341 
0.645725 0.248880 0.233035 
0.145497 0.506740 0.534353 
0.723638 0.714817 0.692113 
0.709732 0.716273 0.697711 
0.620372 0.266356 0.155698 
0.222714 0.474030 0.517874 
0.570131 0.648525 0.240343 
0.701069 0.715935 0.701462 
0.629320 0.271317 0.278647 
0.149704 0.459773 0.567432 
0.613552 0.283806 0.157140 
0.132802 0.499061 0.482156 
0.726088 0.739645 0.734794 
0.613009 0.272604 0.241927 
0.745078 0.768270 0.666580 
0.202017 0.461699 0.534505 
0.612785 0.275139 0.239898 
0.725744 0.754913 0.683357 
0.169698 0.456737 0.556557 
0.690676 0.793405 0.202171 
0.650199 0.258405 0.724619 
0.163010 0.426349 0.540506 
0.663413 0.264754 0.660829 
0.716566 0.765401 0.211127 
0.166869 0.476655 0.492684 
0.675114 0.273196 0.680053 
0.128782 0.436854 0.552104 
0.716212 0.730969 0.220087 
0.650706 0.275202 0.720640 
0.711257 0.793230 0.192356 
0.151817 0.449073 0.531496 
0.141793 0.435243 0.473333 
0.704832 0.796476 0.173385 
0.655070 0.270189 0.693910 
0.663559 0.273571 0.645917 
0.706675 0.779413 0.214443 
0.142084 0.483814 0.521617 
0.679457 0.340559 0.736273 
0.688086 0.709083 0.221806 
0.541522 0.205254 0.183553 
0.178784 0.534651 0.518584 
0.158118 0.514590 0.584468 
0.755059 0.708580 0.633481 
0.587754 0.244114 0.146767 
0.717837 0.734981 0.701328 
0.150816 0.494817 0.550709 
0.627217 0.261030 0.238764 
0.568610 0.191830 0.162623 
0.177736 0.473288 0.548307 
0.642816 0.808866 0.711172 
0.729608 0.706413 0.578626 
0.644260 0.245428 0.233979 
0.133947 0.480348 0.524964 
0.741056 0.755285 0.670124 
0.154216 0.554524 0.518843 
0.602250 0.238489 0.201355 
0.739711 0.771440 0.656954 
0.623066 0.252394 0.205912 
0.713691 0.767896 0.683158 
0.171767 0.462746 0.530398 
0.543317 0.683325 0.216254 
0.212785 0.447367 0.533532 
0.691863 0.717573 0.302628 
0.660696 0.263009 0.712946 
0.660887 0.263153 0.226189 
0.685248 0.781175 0.736921 
0.184633 0.444598 0.512617 
0.136352 0.396971 0.517069 
0.657838 0.243393 0.186574 
0.695204 0.793179 0.719123 
0.123693 0.407834 0.541627 
0.662787 0.245436 0.649095 
0.686932 0.758173 0.242496 
0.670747 0.795133 0.186068 
0.667147 0.268152 0.707985 
0.159876 0.471303 0.572343 
0.684689 0.306770 0.733464 
0.148901 0.391764 0.495770 
0.645875 0.779625 0.159939 
0.671636 0.269133 0.732351 
0.677197 0.797020 0.191004 
0.160321 0.422983 0.567640 
0.759905 0.731137 0.662073 
0.135988 0.486439 0.561365 
0.587103 0.299306 0.186073 
0.756453 0.739687 0.661255 
0.152190 0.441725 0.538078 
0.575153 0.207317 0.155862 
0.617112 0.245948 0.177130 
0.711261 0.692607 0.707198 
0.178181 0.511728 0.505596 
0.638965 0.238663 0.179262 
0.690679 0.696920 0.632366 
0.182179 0.517880 0.511629 
0.160387 0.575288 0.592191 
0.562467 0.198580 0.152705 
0.757124 0.717825 0.684163 
0.713386 0.698848 0.737349 
0.123802 0.487608 0.518477 
0.663587 0.258690 0.227484 
0.666162 0.249256 0.161433 
0.200570 0.470417 0.559035 
0.673923 0.700228 0.721458 
0.228370 0.484181 0.532750 
0.583787 0.219543 0.194311 
0.739057 0.735467 0.666002 
0.202179 0.446050 0.524602 
0.672444 0.285957 0.217471 
0.705881 0.765141 0.742902 
0.622716 0.227668 0.139130 
0.141784 0.500551 0.583235 
0.720734 0.760802 0.662388 
0.590511 0.268323 0.154761 
0.141355 0.521839 0.581040 
0.737653 0.699013 0.635338 
0.674806 0.290762 0.633696 
0.699900 0.800652 0.202164 
0.134401 0.429216 0.513535 
0.663707 0.245599 0.711777 
0.136046 0.386205 0.472857 
0.672894 0.771125 0.161764 
0.749940 0.731280 0.722520 
0.165872 0.542177 0.511202 
0.585518 0.207115 0.188604 
0.643803 0.231742 0.230824 
0.732050 0.774970 0.664285 
0.175012 0.527923 0.531339 
0.747034 0.721705 0.712284 
0.609431 0.224512 0.122645 
0.193808 0.521380 0.508387 
0.646064 0.266568 0.218180 
0.743785 0.711418 0.681980 
0.135581 0.486709 0.527913 
0.637114 0.728241 0.140046 
0.601475 0.302798 0.588665 
0.722639 0.588816 0.640558 
0.148525 0.474199 0.580291 
0.130473 0.528051 0.554124 
0.592203 0.286413 0.240785 
0.763830 0.717888 0.643125 
0.729408 0.783678 0.652403 
0.656368 0.243562 0.199303 
0.163284 0.481180 0.557253 
0.175125 0.470565 0.536967 
0.751600 0.761962 0.658672 
0.605757 0.249638 0.132335 
0.660087 0.296290 0.193521 
0.131169 0.437416 0.511685 
0.697887 0.777491 0.664334 
0.732947 0.740832 0.629495 
0.604643 0.238357 0.121559 
0.159640 0.453378 0.596086 
0.591493 0.212883 0.187222 
0.274995 0.446783 0.566032 
0.756620 0.711293 0.703649 
0.204914 0.588386 0.507038 
0.615548 0.243248 0.166554 
0.732822 0.775596 0.730527 
0.167279 0.530988 0.505219 
0.166851 0.552724 0.533922 
0.628355 0.217759 0.252680 
0.757491 0.715762 0.681333 
0.685799 0.729925 0.711220 
0.677565 0.297188 0.158636 
0.135223 0.428139 0.503329 
0.602003 0.781447 0.168248 
0.580709 0.292408 0.226827 
0.176120 0.442384 0.511338 
0.742678 0.661543 0.683200 
0.588424 0.287860 0.231704 
0.754381 0.719262 0.678311 
0.151192 0.501001 0.573282 
0.586323 0.265427 0.222742 
0.749879 0.730008 0.645773 
0.189514 0.475215 0.519871 
0.703405 0.705860 0.665479 
0.133810 0.448081 0.520819 
0.666922 0.272417 0.231064 
0.734858 0.726145 0.668252 
0.182015 0.473846 0.542472 
0.624120 0.223305 0.209675 
0.639760 0.275970 0.240381 
0.712303 0.778611 0.714630 
0.175984 0.434389 0.507945 
0.641871 0.244329 0.200986 
0.180758 0.492791 0.548022 
0.696028 0.765049 0.658661 
0.757351 0.746601 0.693442 
0.156784 0.525295 0.576252 
0.599700 0.264182 0.246235 
0.712640 0.744139 0.695839 
0.170010 0.498167 0.558645 
0.639118 0.229835 0.158245 
0.631376 0.249492 0.196628 
0.144485 0.497928 0.575778 
0.729325 0.776666 0.713905 
0.213339 0.503616 0.570632 
0.732129 0.777907 0.625298 
0.606569 0.229023 0.157859 
0.731444 0.754843 0.664022 
0.608857 0.247488 0.131355 
0.193723 0.478155 0.572880 
0.752936 0.759005 0.671425 
0.208484 0.521984 0.539424 
0.588464 0.244753 0.141638 
0.729423 0.740161 0.663626 
0.609016 0.199050 0.266947 
0.149141 0.464312 0.513435 
0.738281 0.705409 0.643628 
0.137000 0.505533 0.520282 
0.590226 0.272535 0.170640 
0.627713 0.269195 0.179404 
0.178219 0.445028 0.566896 
0.716425 0.760962 0.739606 
0.746528 0.756531 0.663176 
0.585132 0.204496 0.167674 
0.126230 0.493237 0.556257 
0.616404 0.204488 0.120607 
0.730845 0.677041 0.690770 
0.148310 0.563707 0.560528 
0.163004 0.455478 0.537696 
0.753143 0.729920 0.687578 
0.649360 0.260026 0.231437 
0.702709 0.718400 0.731812 
0.126128 0.539685 0.530337 
0.636525 0.256972 0.238728 
0.730227 0.706507 0.706001 
0.151046 0.522508 0.502818 
0.609448 0.274271 0.191293 
0.611133 0.280665 0.268323 
0.125703 0.517740 0.523854 
0.732315 0.695183 0.657864 
0.175776 0.468182 0.517097 
0.644287 0.222636 0.718511 
0.709419 0.778196 0.650955 
0.641325 0.232324 0.158913 
0.740022 0.772459 0.706794 
0.227731 0.524747 0.543802 
0.246080 0.385745 0.447305 
0.628759 0.296418 0.222186 
0.773646 0.718110 0.697059 
0.559485 0.261865 0.169104 
0.207837 0.521443 0.543550 
0.660608 0.277696 0.264374 
0.127641 0.417744 0.486427 
0.693583 0.790986 0.722758 
0.663974 0.290598 0.151549 
0.149597 0.452998 0.593781 
0.688418 0.785221 0.708491 
0.699034 0.711678 0.709317 
0.143060 0.482504 0.497318 
0.652144 0.270484 0.278303 
0.199241 0.494245 0.515546 
0.737291 0.716551 0.721400 
0.621363 0.267750 0.164966 
0.613379 0.266108 0.203887 
0.174980 0.439936 0.558285 
0.738450 0.759017 0.666145 
0.120937 0.415354 0.522503 
0.646888 0.254708 0.234937 
0.687056 0.731193 0.661782 
0.139837 0.481930 0.581429 
0.677812 0.276218 0.197679 
0.727919 0.783947 0.657617 
0.139106 0.520260 0.517600 
0.640596 0.224727 0.131360 
0.709892 0.766879 0.674398 
0.704863 0.749021 0.726257 
0.631439 0.235348 0.187670 
0.156244 0.491375 0.511527 
0.774422 0.702524 0.657500 
0.150377 0.572783 0.520184 
0.618240 0.206764 0.218164 
0.166002 0.438015 0.482468 
0.697930 0.789891 0.716957 
0.646425 0.255207 0.281689 
0.612553 0.226609 0.243104 
0.168330 0.488455 0.550467 
0.747339 0.738617 0.641245 
0.656821 0.234516 0.257473 
0.685215 0.704759 0.741244 
0.144524 0.499022 0.467673 
0.694430 0.773632 0.205628 
0.668450 0.270941 0.640283 
0.142019 0.431186 0.526157 
0.661965 0.261375 0.203453 
0.130056 0.458269 0.549877 
0.768216 0.736130 0.688216 
0.636338 0.250474 0.251665 
0.749807 0.752490 0.680358 
0.152950 0.464219 0.542469 
0.640137 0.219113 0.158149 
0.230809 0.483144 0.522348 
0.749646 0.766194 0.663723 
0.759293 0.730166 0.714452 
0.138504 0.487450 0.533880 
0.622641 0.207121 0.235201 
0.170230 0.485578 0.533615 
0.633150 0.251072 0.213279 
0.737563 0.750465 0.701308 
0.606833 0.270252 0.160379 
0.160625 0.493334 0.578037 
0.763912 0.732067 0.645385 
0.166610 0.445017 0.498608 
0.631607 0.264950 0.136960 
0.701437 0.719417 0.669356 
0.597694 0.205743 0.139278 
0.152227 0.535165 0.523755 
0.744236 0.708985 0.692850 
0.157593 0.527600 0.496914 
0.683210 0.703334 0.676404 
0.646486 0.229828 0.213813 
0.651759 0.248847 0.145399 
0.685237 0.751052 0.638370 
0.186321 0.438966 0.513977 
0.581297 0.213614 0.171977 
0.745527 0.747719 0.690244 
0.230695 0.522936 0.513779 
0.607117 0.229729 0.221229 
0.746641 0.714246 0.724311 
0.136019 0.528658 0.516811 
0.689688 0.780702 0.634212 
0.661260 0.244074 0.204780 
0.129737 0.535476 0.507870 
0.735625 0.746414 0.668696 
0.606766 0.209138 0.202247 
0.223696 0.498762 0.541116 
0.672355 0.806193 0.715745 
0.122828 0.493222 0.539547 
0.667924 0.260348 0.175823 
0.660765 0.672802 0.209532 
0.674222 0.296925 0.709862 
0.247910 0.387789 0.590664 
0.227096 0.574436 0.460915 
0.568209 0.190080 0.155472 
0.617910 0.703336 0.316322 
0.753804 0.623305 0.663150 
0.157072 0.506614 0.563387 
0.744450 0.619449 0.656621 
0.656668 0.676377 0.277757 
0.528856 0.276713 0.306129 
0.149313 0.500789 0.498350 
0.645152 0.266656 0.149670 
0.714749 0.786582 0.730614 
0.188367 0.471500 0.564805 
0.658463 0.251426 0.263794 
0.135370 0.514153 0.501284 
0.692017 0.794991 0.657976 
0.157290 0.495793 0.584224 
0.688600 0.710457 0.628357 
0.657889 0.248266 0.168358 
0.156201 0.553036 0.509032 
0.638223 0.218535 0.265489 
0.712343 0.730129 0.717569 
0.663068 0.245319 0.165569 
0.158976 0.508426 0.586942 
0.749848 0.753291 0.633578 
0.721815 0.780366 0.703687 
0.181800 0.475712 0.509337 
0.673305 0.576349 0.224412 
0.640629 0.256955 0.571897 
0.198176 0.474773 0.519203 
0.729626 0.779265 0.695408 
0.667482 0.262596 0.195494 
0.744734 0.737889 0.640452 
0.630624 0.258731 0.153741 
0.198803 0.478164 0.545437 
0.154329 0.519819 0.521246 
0.599705 0.197781 0.244133 
0.756642 0.751238 0.691324 
0.635440 0.252992 0.227884 
0.137765 0.459757 0.571295 
0.749124 0.741425 0.688052 
0.709537 0.752655 0.687899 
0.127253 0.538350 0.520502 
0.629545 0.236724 0.139162 
0.727211 0.775420 0.708371 
0.137652 0.432237 0.572232 
0.666481 0.297372 0.183259 
0.614249 0.251600 0.226538 
0.141113 0.554636 0.509363 
0.742917 0.770810 0.674324 
0.663162 0.250843 0.295709 
0.573392 0.744228 0.287774 
0.152885 0.507359 0.536284 
0.732720 0.637585 0.653202 
0.661857 0.301761 0.241813 
0.131473 0.427799 0.481187 
0.696211 0.799616 0.666094 
0.161448 0.538921 0.522058 
0.617622 0.239142 0.155218 
0.706333 0.695194 0.713566 
0.634239 0.228048 0.235123 
0.135793 0.467482 0.575216 
0.723959 0.724274 0.661183 
0.155663 0.522196 0.548765 
0.218511 0.379996 0.438255 
0.666695 0.263319 0.187122 
0.728369 0.742749 0.628540 
0.759635 0.715802 0.684479 
0.154911 0.515566 0.508686 
0.593838 0.198837 0.182478 
0.734826 0.725948 0.663725 
0.156667 0.468340 0.519761 
0.665212 0.260177 0.188102 
0.128565 0.419179 0.518087 
0.656120 0.235009 0.228094 
0.680096 0.718515 0.649611 
0.620100 0.252191 0.250956 
0.750094 0.731554 0.668051 
0.139251 0.531253 0.558628 
0.171533 0.507796 0.569491 
0.740960 0.747267 0.717347 
0.643794 0.243275 0.137898 
0.759744 0.721173 0.669294 
0.628488 0.218428 0.262648 
0.162544 0.518579 0.533434 
0.659614 0.276283 0.195973 
0.681039 0.709369 0.663375 
0.157319 0.465480 0.577067 
0.643855 0.238868 0.158215 
0.695139 0.784750 0.628915 
0.181623 0.509221 0.575461 
0.744331 0.758515 0.718303 
0.575809 0.200759 0.156854 
0.146858 0.460021 0.550429 
0.134618 0.424406 0.533924 
0.716056 0.794373 0.682409 
0.646894 0.247390 0.274393 
0.202278 0.508630 0.520233 
0.589674 0.198719 0.194461 
0.739286 0.762253 0.652835 
0.728540 0.737711 0.727231 
0.645838 0.245250 0.158517 
0.141339 0.532598 0.555315 
0.150429 0.458385 0.527471 
0.659363 0.253831 0.156632 
0.689671 0.786410 0.709303 
0.200954 0.528819 0.557949 
0.589308 0.226199 0.124797 
0.734819 0.725030 0.646393 
0.637072 0.306819 0.134013 
0.699316 0.713749 0.643258 
0.120847 0.425182 0.522545 
0.602822 0.294557 0.244893 
0.135459 0.454226 0.521108 
0.746367 0.748871 0.710748 
0.184869 0.455995 0.543094 
0.761737 0.741639 0.709965 
0.635462 0.249974 0.209206 
0.719635 0.783663 0.712861 
0.627236 0.252632 0.272526 
0.131625 0.525884 0.516278 
0.716698 0.591314 0.211143 
0.205731 0.472214 0.527643 
0.643749 0.797198 0.679432 
0.621956 0.246597 0.139593 
0.697978 0.739227 0.678843 
0.659505 0.277111 0.240347 
0.168913 0.444507 0.534617 
0.651821 0.617772 0.716177 
0.155927 0.453248 0.553693 
0.710594 0.796388 0.628412 
0.633422 0.248843 0.232923 
0.732330 0.730979 0.680615 
0.219710 0.484936 0.511852 
0.611129 0.234060 0.120900 
0.591507 0.693907 0.671077 
0.619209 0.288086 0.259204 
0.135353 0.477144 0.531962 
0.719290 0.620780 0.636237 
0.653729 0.248959 0.222799 
0.135447 0.405554 0.496716 
0.683161 0.797193 0.708057 
0.587550 0.375047 0.672726 
0.180731 0.506655 0.496065 
0.584386 0.225734 0.248579 
0.754844 0.720543 0.620450 
0.672221 0.295470 0.186924 
0.158782 0.424458 0.535211 
0.679707 0.782930 0.669586 
0.625505 0.249054 0.155499 
0.753344 0.762511 0.668855 
0.712323 0.679016 0.274946 
0.153052 0.471304 0.579252 
0.640719 0.246312 0.149694 
0.725447 0.721750 0.655966 
0.212950 0.483862 0.520791 
0.757581 0.745984 0.715374 
0.589146 0.199317 0.208002 
0.139673 0.527469 0.478098 
0.124825 0.506068 0.496655 
0.623645 0.206339 0.288916 
0.733693 0.771720 0.689197 
0.130071 0.455432 0.521074 
0.755865 0.743605 0.656104 
0.606192 0.207402 0.265185 
0.134194 0.399944 0.491790 
0.673056 0.268286 0.243403 
0.704207 0.785517 0.720850 
0.158262 0.527995 0.525515 
0.611419 0.227317 0.261880 
0.747707 0.702911 0.722563 
0.637166 0.259890 0.268283 
0.709752 0.780545 0.682308 
0.155206 0.476803 0.493517 
0.613367 0.266117 0.233658 
0.731673 0.733398 0.676235 
0.209317 0.478604 0.511877 
0.164582 0.528714 0.509410 
0.758422 0.736280 0.667978 
0.644494 0.241389 0.248582 
0.139170 0.436037 0.491141 
0.643709 0.243561 0.278398 
0.721009 0.773179 0.669416 
0.130124 0.553032 0.502919 
0.627510 0.215231 0.141842 
0.766424 0.713945 0.683000 
0.128499 0.405640 0.531056 
0.679297 0.283906 0.238690 
0.680952 0.807118 0.721160 
0.641898 0.225530 0.167226 
0.162178 0.530501 0.576090 
0.760063 0.736476 0.640298 
0.171803 0.482380 0.561190 
0.631600 0.226970 0.220048 
0.724518 0.753251 0.712016 
0.694964 0.774911 0.639143 
0.646426 0.273381 0.228877 
0.141459 0.448753 0.571326 
0.582498 0.785872 0.640988 
0.697753 0.635523 0.634934 
0.630204 0.249610 0.174305 
0.205713 0.454650 0.516520 
0.749044 0.758860 0.682263 
0.652572 0.248263 0.255619 
0.129850 0.521665 0.490901 
0.612195 0.237011 0.165299 
0.748369 0.704883 0.717956 
0.136750 0.509746 0.531260 
0.714327 0.732118 0.624221 
0.607513 0.210220 0.193569 
0.153950 0.452791 0.567693 
0.138352 0.415140 0.559381 
0.653053 0.255857 0.129825 
0.704543 0.758504 0.631908 
0.712822 0.790515 0.240362 
0.635881 0.222424 0.711203 
0.130131 0.399935 0.505989 
0.658264 0.253631 0.722530 
0.597702 0.379100 0.280445 
0.197152 0.465354 0.539168 
0.685082 0.718626 0.174971 
0.636422 0.288486 0.184618 
0.709590 0.797200 0.658506 
0.147046 0.483622 0.499378 
0.156190 0.455704 0.507083 
0.736309 0.776794 0.705806 
0.661533 0.247596 0.149748 
0.690319 0.682548 0.633397 
0.646708 0.227906 0.210582 
0.136254 0.504366 0.503891 
0.763503 0.726892 0.685385 
0.129504 0.473439 0.557504 
0.600290 0.276730 0.255759 
0.744225 0.694878 0.646740 
0.603019 0.233212 0.246510 
0.168456 0.440266 0.553363 
0.553867 0.743755 0.240872 
0.744676 0.732788 0.642596 
0.625202 0.215487 0.203825 
0.145024 0.468368 0.545807 
0.750288 0.711152 0.713647 
0.175326 0.539563 0.521414 
0.598098 0.224083 0.179006 
0.625813 0.221913 0.182894 
0.723601 0.695715 0.692480 
0.156879 0.525360 0.542241 
0.751858 0.735048 0.715817 
0.584146 0.224038 0.146774 
0.170197 0.559263 0.595429 
0.126800 0.498217 0.529540 
0.636270 0.280179 0.262687 
0.698664 0.693884 0.702358 
0.201447 0.464414 0.554943 
0.614615 0.271614 0.187978 
0.727007 0.765671 0.656918 
0.688013 0.776606 0.728024 
0.646927 0.255310 0.177285 
0.150004 0.441433 0.458584 
0.142063 0.452329 0.540987 
0.758862 0.735627 0.689832 
0.644033 0.284647 0.146033 
0.729394 0.700875 0.664544 
0.137648 0.511361 0.497857 
0.609008 0.269851 0.268736 
0.172247 0.544433 0.543821 
0.745361 0.704390 0.654655 
0.575572 0.232280 0.178549 
0.714635 0.722862 0.630981 
0.158645 0.468857 0.555607 
0.611306 0.257109 0.184391 
0.121275 0.520245 0.522207 
0.645147 0.239522 0.225854 
0.704326 0.716195 0.661487 
0.698093 0.702454 0.724175 
0.637971 0.234261 0.178886 
0.154075 0.481624 0.515929 
0.702068 0.673119 0.682808 
0.139854 0.561700 0.567764 
0.614120 0.214128 0.224175 
0.600690 0.245759 0.194127 
0.749533 0.719178 0.706709 
0.138308 0.536674 0.560942 
0.736965 0.770440 0.692505 
0.207001 0.472847 0.515379 
0.610030 0.213336 0.181405 
0.179327 0.475094 0.544176 
0.722341 0.717078 0.631450 
0.608574 0.248430 0.244195 
0.640514 0.233242 0.254391 
0.122902 0.387585 0.544789 
0.713879 0.788910 0.649790 
0.152755 0.542250 0.515688 
0.645406 0.236657 0.145990 
0.701959 0.753499 0.741166 
0.708295 0.711911 0.688833 
0.637617 0.234330 0.135364 
0.139316 0.497858 0.582566 
0.732339 0.763249 0.666173 
0.617747 0.207290 0.141700 
0.129292 0.500085 0.566268 
0.125448 0.482451 0.532522 
0.663512 0.283093 0.154061 
0.706993 0.725749 0.703365 
0.142749 0.457238 0.566187 
0.731686 0.722238 0.651322 
0.631999 0.221802 0.238882 
0.590185 0.690554 0.326513 
0.706316 0.641432 0.663938 
0.195460 0.521957 0.509401 
0.617622 0.203705 0.264060 
0.710302 0.773337 0.694424 
0.673720 0.283746 0.139473 
0.167728 0.433881 0.504084 
0.168375 0.477082 0.492819 
0.641341 0.261919 0.135204 
0.718376 0.749002 0.734924 
0.636774 0.269501 0.255439 
0.709890 0.786960 0.733168 
0.133421 0.501676 0.548315 
0.726827 0.720294 0.656233 
0.613279 0.278505 0.221808 
0.147479 0.453946 0.570108 
0.746858 0.752782 0.668915 
0.630968 0.276018 0.203179 
0.142923 0.468099 0.516371 
0.627114 0.231185 0.235788 
0.713370 0.780820 0.647714 
0.130525 0.539236 0.509776 
0.731545 0.682746 0.646095 
0.199811 0.555250 0.588331 
0.567949 0.194569 0.149422 
0.631572 0.220244 0.278477 
0.192080 0.476491 0.497209 
0.734513 0.773710 0.713801 
0.748961 0.749374 0.663029 
0.145801 0.507282 0.562830 
0.597100 0.268364 0.232318 
0.668985 0.262513 0.248197 
0.674857 0.765631 0.723438 
0.126904 0.454291 0.489891 
0.636341 0.271209 0.189031 
0.147767 0.452779 0.492348 
0.711632 0.777816 0.734599 
0.736839 0.754935 0.653648 
0.600205 0.228366 0.232383 
0.156964 0.557894 0.516829 
0.736360 0.736683 0.661958 
0.594899 0.229722 0.230038 
0.123918 0.508565 0.523237 
0.715777 0.696139 0.656841 
0.168524 0.505999 0.546514 
0.601697 0.205562 0.124794 
0.576834 0.192849 0.144906 
0.732081 0.727225 0.690596 
0.232296 0.491413 0.511895 
0.733733 0.731998 0.667814 
0.142738 0.475053 0.580620 
0.608783 0.219766 0.133988 
0.733734 0.758922 0.687216 
0.614217 0.228212 0.131246 
0.198763 0.507177 0.566383 
0.607582 0.204776 0.177420 
0.165278 0.496275 0.529878 
0.745764 0.744820 0.701520 
0.638004 0.231094 0.189288 
0.707786 0.735820 0.708019 
0.182666 0.507039 0.490954 
0.617212 0.281221 0.163537 
0.720395 0.749868 0.699422 
0.140551 0.509233 0.580286 
0.606872 0.210726 0.267258 
0.759133 0.718193 0.708705 
0.170610 0.534717 0.527722 
0.183123 0.517976 0.555903 
0.612832 0.214810 0.179863 
0.733403 0.781792 0.654604 
0.671549 0.258038 0.159624 
0.684379 0.802547 0.655185 
0.158425 0.422769 0.527539 
0.635156 0.244154 0.126276 
0.725885 0.771958 0.629876 
0.156297 0.437521 0.586013 
0.139266 0.419415 0.497764 
0.731177 0.777782 0.658016 
0.618869 0.257707 0.236044 
0.196155 0.485704 0.571663 
0.642143 0.257360 0.644807 
0.574085 0.666851 0.159845 
0.720119 0.692656 0.577836 
0.728014 0.762529 0.690252 
0.599458 0.216450 0.136857 
0.202262 0.514943 0.549273 
0.148027 0.462312 0.588111 
0.626514 0.265552 0.121964 
0.716931 0.735550 0.616321 
0.711406 0.704821 0.732901 
0.143895 0.479867 0.484843 
0.641806 0.219050 0.242820 
0.742427 0.740855 0.647986 
0.161558 0.501246 0.534521 
0.592238 0.240871 0.242023 
0.628852 0.253577 0.124534 
0.764727 0.738576 0.682071 
0.170210 0.450315 0.600563 
0.685118 0.697356 0.688513 
0.666161 0.274262 0.201133 
0.140863 0.452170 0.479931 
0.668297 0.254268 0.202305 
0.134652 0.484047 0.534563 
0.696249 0.722450 0.698865 
0.654364 0.246792 0.231960 
0.153524 0.481616 0.547090 
0.710420 0.751842 0.722155 
0.603434 0.288857 0.218267 
0.754041 0.720708 0.711793 
0.159829 0.498144 0.590399 
0.135901 0.422319 0.547639 
0.759058 0.692046 0.686888 
0.576393 0.667205 0.139702 
0.617114 0.286582 0.220853 
0.662171 0.246992 0.133876 
0.194014 0.489394 0.527647 
0.705063 0.774037 0.649502 
0.660914 0.240664 0.150613 
0.688460 0.729050 0.731135 
0.179998 0.501332 0.553114 
0.732357 0.764291 0.664775 
0.607946 0.241205 0.125223 
0.167142 0.529774 0.522192 
0.145378 0.475744 0.506673 
0.745193 0.736053 0.659607 
0.640779 0.277386 0.169170 
0.681015 0.704620 0.650049 
0.672708 0.272119 0.166540 
0.188147 0.453339 0.543709 
0.634051 0.212961 0.154911 
0.725924 0.743934 0.712031 
0.191301 0.458045 0.558102 
0.637378 0.808564 0.174624 
0.744559 0.683458 0.557099 
0.589217 0.294165 0.615382 
0.170705 0.470785 0.521180 
0.700259 0.763735 0.221679 
0.650625 0.228878 0.670768 
0.132957 0.439548 0.489543 
0.200906 0.455233 0.516872 
0.591919 0.776850 0.154143 
0.725349 0.642659 0.678340 
0.624019 0.231366 0.284706 
0.540964 0.403929 0.242635 
0.668484 0.293184 0.197674 
0.710369 0.753180 0.719820 
0.174727 0.437493 0.592053 
0.630981 0.212681 0.235697 
0.131154 0.499333 0.509807 
0.736717 0.768224 0.700655 
