0.000000 0.000000 0.000000 4 1 2
0.000000 0.000000 0.000000 4 1 3
0.000000 0.000000 0.000000 4 2 3
0.000000 0.000000 0.000000 4 1 2
0.000000 0.000000 0.000000 4 1 3
0.000000 0.000000 0.000000 4 2 3
0.000000 0.000000 0.000000 4 1 2
0.000000 0.000000 0.000000 4 1 3
0.000000 0.000000 0.000000 4 2 3
0.000000 0.000000 0.000000 4 1 2
0.000000 0.000000 0.000000 4 1 3
0.000000 0.000000 0.000000 4 2 3
0.000000 0.000000 0.000000 4 1 2
0.000000 0.000000 0.000000 4 1 3
0.000000 0.000000 0.000000 4 2 3
0.000000 0.000000 0.000000 4 1 2
0.000000 0.000000 0.000000 4 1 3
0.000000 0.000000 0.000000 4 2 3
0.000000 0.000000 0.000000 4 1 2
0.000000 0.000000 0.000000 4 1 3
0.000000 0.000000 0.000000 4 2 3
0.000000 0.000000 0.000000 4 1 2
0.000000 0.000000 0.000000 4 1 3
0.000000 0.000000 0.000000 4 2 3
0.000000 0.000000 0.000000 4 1 2
0.000000 0.000000 0.000000 4 1 3
0.000000 0.000000 0.000000 4 2 3
0.000000 0.000000 0.000000 4 1 2
0.000000 0.000000 0.000000 4 1 3
0.000000 0.000000 0.000000 4 2 3
0.000000 0.000000 0.000000 4 1 2
0.000000 0.000000 0.000000 4 1 3
0.000000 0.000000 0.000000 4 2 3
0.000000 0.000000 0.000000 4 1 2
0.000000 0.000000 0.000000 4 1 3
0.000000 0.000000 0.000000 4 2 3
0.000000 0.000000 0.000000 4 1 2
0.000000 0.000000 0.000000 4 1 3
0.000000 0.000000 0.000000 4 2 3
0.000000 0.000000 0.000000 4 1 2
0.000000 0.000000 0.000000 4 1 3
0.000000 0.000000 0.000000 4 2 3
0.000000 0.000000 0.000000 4 1 2
0.000000 0.000000 0.000000 4 1 3
0.000000 0.000000 0.000000 4 2 3
0.000000 0.000000 0.000000 4 1 2
0.000000 0.000000 0.000000 4 1 3
0.000000 0.000000 0.000000 4 2 3
0.000000 0.000000 0.000000 4 1 2
0.000000 0.000000 0.000000 4 1 3
0.000000 0.000000 0.000000 4 2 3
0.000000 0.000000 0.000000 4 1 2
0.000000 0.000000 0.000000 4 1 3
0.000000 0.000000 0.000000 4 2 3
0.000000 0.000000 0.000000 4 1 2
0.000000 0.000000 0.000000 4 1 3
0.000000 0.000000 0.000000 4 2 3
0.000000 0.000000 0.000000 4 1 2
0.000000 0.000000 0.000000 4 1 3
0.000000 0.000000 0.000000 4 2 3
0.000000 0.000000 0.000000 4 1 2
0.000000 0.000000 0.000000 4 1 3
0.000000 0.000000 0.000000 4 2 3
0.000000 0.000000 0.000000 4 1 2
0.000000 0.000000 0.000000 4 1 3
0.000000 0.000000 0.000000 4 2 3
0.000000 0.000000 0.000000 4 1 2
0.000000 0.000000 0.000000 4 1 3
0.000000 0.000000 0.000000 4 2 3
0.000000 0.000000 0.000000 4 1 2
0.000000 0.000000 0.000000 4 1 3
0.000000 0.000000 0.000000 4 2 3
0.000000 0.000000 0.000000 4 1 2
0.000000 0.000000 0.000000 4 1 3
0.000000 0.000000 0.000000 4 2 3
0.000000 0.000000 0.000000 4 1 2
0.000000 0.000000 0.000000 4 1 3
0.000000 0.000000 0.000000 4 2 3
0.000000 0.000000 0.000000 4 1 2
0.000000 0.000000 0.000000 4 1 3
0.000000 0.000000 0.000000 4 2 3
0.000000 0.000000 0.000000 4 1 2
0.000000 0.000000 0.000000 4 1 3
0.000000 0.000000 0.000000 4 2 3
0.000000 0.000000 0.000000 4 1 2
0.000000 0.000000 0.000000 4 1 3
0.000000 0.000000 0.000000 4 2 3
0.000000 0.000000 0.000000 4 1 2
0.000000 0.000000 0.000000 4 1 3
0.000000 0.000000 0.000000 4 2 3
0.000000 0.000000 0.000000 4 1 2
0.000000 0.000000 0.000000 4 1 3
0.000000 0.000000 0.000000 4 2 3
0.000000 0.000000 0.000000 4 1 2
0.000000 0.000000 0.000000 4 1 3
0.000000 0.000000 0.000000 4 2 3
0.000000 0.000000 0.000000 4 1 2
0.000000 0.000000 0.000000 4 1 3
0.000000 0.000000 0.000000 4 2 3
0.000000 0.000000 0.000000 4 1 2
0.000000 0.000000 0.000000 4 1 3
0.000000 0.000000 0.000000 4 2 3
0.000000 0.000000 0.000000 4 1 2
0.000000 0.000000 0.000000 4 1 3
0.000000 0.000000 0.000000 4 2 3
0.000000 0.000000 0.000000 4 1 2
0.000000 0.000000 0.000000 4 1 3
0.000000 0.000000 0.000000 4 2 3
0.000000 0.000000 0.000000 4 1 2
0.000000 0.000000 0.000000 4 1 3
0.000000 0.000000 0.000000 4 2 3
0.000000 0.000000 0.000000 4 1 2
0.000000 0.000000 0.000000 4 1 3
0.000000 0.000000 0.000000 4 2 3
0.000000 0.000000 0.000000 4 1 2
0.000000 0.000000 0.000000 4 1 3
0.000000 0.000000 0.000000 4 2 3
0.000000 0.000000 0.000000 4 1 2
0.000000 0.000000 0.000000 4 1 3
0.000000 0.000000 0.000000 4 2 3
0.000000 0.000000 0.000000 4 1 2
0.000000 0.000000 0.000000 4 1 3
0.000000 0.000000 0.000000 4 2 3
0.000000 0.000000 0.000000 4 1 2
0.000000 0.000000 0.000000 4 1 3
0.000000 0.000000 0.000000 4 2 3
0.000000 0.000000 0.000000 4 1 2
0.000000 0.000000 0.000000 4 1 3
0.000000 0.000000 0.000000 4 2 3
0.000000 0.000000 0.000000 4 1 2
0.000000 0.000000 0.000000 4 1 3
0.000000 0.000000 0.000000 4 2 3
0.000000 0.000000 0.000000 4 1 2
0.000000 0.000000 0.000000 4 1 3
0.000000 0.000000 0.000000 4 2 3
0.000000 0.000000 0.000000 4 1 2
0.000000 0.000000 0.000000 4 1 3
0.000000 0.000000 0.000000 4 2 3
0.000000 0.000000 0.000000 4 1 2
0.000000 0.000000 0.000000 4 1 3
0.000000 0.000000 0.000000 4 2 3
0.000000 0.000000 0.000000 4 1 2
0.000000 0.000000 0.000000 4 1 3
0.000000 0.000000 0.000000 4 2 3
0.000000 0.000000 0.000000 4 1 2
0.000000 0.000000 0.000000 4 1 3
0.000000 0.000000 0.000000 4 2 3
0.000000 0.000000 0.000000 4 1 2
0.000000 0.000000 0.000000 4 1 3
0.000000 0.000000 0.000000 4 2 3
0.000000 0.000000 0.000000 4 1 2
0.000000 0.000000 0.000000 4 1 3
0.000000 0.000000 0.000000 4 2 3
0.000000 0.000000 0.000000 4 1 2
0.000000 0.000000 0.000000 4 1 3
0.000000 0.000000 0.000000 4 2 3
0.000000 0.000000 0.000000 4 1 2
0.000000 0.000000 0.000000 4 1 3
0.000000 0.000000 0.000000 4 2 3
0.000000 0.000000 0.000000 4 1 2
0.000000 0.000000 0.000000 4 1 3
0.000000 0.000000 0.000000 4 2 3
0.000000 0.000000 0.000000 4 1 2
0.000000 0.000000 0.000000 4 1 3
0.000000 0.000000 0.000000 4 2 3
0.000000 0.000000 0.000000 4 1 2
0.000000 0.000000 0.000000 4 1 3
0.000000 0.000000 0.000000 4 2 3
0.000000 0.000000 0.000000 4 1 2
0.000000 0.000000 0.000000 4 1 3
0.000000 0.000000 0.000000 4 2 3
0.000000 0.000000 0.000000 4 1 2
0.000000 0.000000 0.000000 4 1 3
0.000000 0.000000 0.000000 4 2 3
0.000000 0.000000 0.000000 4 1 2
0.000000 0.000000 0.000000 4 1 3
0.000000 0.000000 0.000000 4 2 3
0.000000 0.000000 0.000000 4 1 2
0.000000 0.000000 0.000000 4 1 3
0.000000 0.000000 0.000000 4 2 3
0.000000 0.000000 0.000000 4 1 2
0.000000 0.000000 0.000000 4 1 3
0.000000 0.000000 0.000000 4 2 3
0.000000 0.000000 0.000000 4 1 2
0.000000 0.000000 0.000000 4 1 3
0.000000 0.000000 0.000000 4 2 3
0.000000 0.000000 0.000000 4 1 2
0.000000 0.000000 0.000000 4 1 3
0.000000 0.000000 0.000000 4 2 3
0.000000 0.000000 0.000000 4 1 2
0.000000 0.000000 0.000000 4 1 3
0.000000 0.000000 0.000000 4 2 3
0.000000 0.000000 0.000000 4 1 2
0.000000 0.000000 0.000000 4 1 3
0.000000 0.000000 0.000000 4 2 3
0.000000 0.000000 0.000000 4 1 2
0.000000 0.000000 0.000000 4 1 3
0.000000 0.000000 0.000000 4 2 3
0.000000 0.000000 0.000000 4 1 2
0.000000 0.000000 0.000000 4 1 3
0.000000 0.000000 0.000000 4 2 3
0.000000 0.000000 0.000000 4 1 2
0.000000 0.000000 0.000000 4 1 3
0.000000 0.000000 0.000000 4 2 3
0.000000 0.000000 0.000000 4 1 2
0.000000 0.000000 0.000000 4 1 3
0.000000 0.000000 0.000000 4 2 3
0.000000 0.000000 0.000000 4 1 2
0.000000 0.000000 0.000000 4 1 3
0.000000 0.000000 0.000000 4 2 3
0.000000 0.000000 0.000000 4 1 2
0.000000 0.000000 0.000000 4 1 3
0.000000 0.000000 0.000000 4 2 3
0.000000 0.000000 0.000000 4 1 2
0.000000 0.000000 0.000000 4 1 3
0.000000 0.000000 0.000000 4 2 3
0.000000 0.000000 0.000000 4 1 2
0.000000 0.000000 0.000000 4 1 3
0.000000 0.000000 0.000000 4 2 3
0.000000 0.000000 0.000000 4 1 2
0.000000 0.000000 0.000000 4 1 3
0.000000 0.000000 0.000000 4 2 3
0.000000 0.000000 0.000000 4 1 2
0.000000 0.000000 0.000000 4 1 3
0.000000 0.000000 0.000000 4 2 3
0.000000 0.000000 0.000000 5 1 2
0.000000 0.000000 0.000000 5 1 3
0.000000 0.000000 0.000000 5 2 3
0.000000 0.000000 0.000000 4 1 2
0.000000 0.000000 0.000000 4 1 3
0.000000 0.000000 0.000000 4 2 3
0.000000 0.000000 0.000000 4 1 2
0.000000 0.000000 0.000000 4 1 3
0.000000 0.000000 0.000000 4 2 3
0.000000 0.000000 0.000000 4 1 2
0.000000 0.000000 0.000000 4 1 3
0.000000 0.000000 0.000000 4 2 3
0.000000 0.000000 0.000000 4 1 2
0.000000 0.000000 0.000000 4 1 3
0.000000 0.000000 0.000000 4 2 3
0.000000 0.000000 0.000000 4 1 2
0.000000 0.000000 0.000000 4 1 3
0.000000 0.000000 0.000000 4 2 3
0.000000 0.000000 0.000000 4 1 2
0.000000 0.000000 0.000000 4 1 3
0.000000 0.000000 0.000000 4 2 3
0.000000 0.000000 0.000000 4 1 2
0.000000 0.000000 0.000000 4 1 3
0.000000 0.000000 0.000000 4 2 3
0.000000 0.000000 0.000000 4 1 2
0.000000 0.000000 0.000000 4 1 3
0.000000 0.000000 0.000000 4 2 3
0.000000 0.000000 0.000000 4 1 2
0.000000 0.000000 0.000000 4 1 3
0.000000 0.000000 0.000000 4 2 3
0.000000 0.000000 0.000000 4 1 2
0.000000 0.000000 0.000000 4 1 3
0.000000 0.000000 0.000000 4 2 3
0.000000 0.000000 0.000000 4 1 2
0.000000 0.000000 0.000000 4 1 3
0.000000 0.000000 0.000000 4 2 3
0.000000 0.000000 0.000000 4 1 2
0.000000 0.000000 0.000000 4 1 3
0.000000 0.000000 0.000000 4 2 3
0.000000 0.000000 0.000000 4 1 2
0.000000 0.000000 0.000000 4 1 3
0.000000 0.000000 0.000000 4 2 3
0.000000 0.000000 0.000000 4 1 2
0.000000 0.000000 0.000000 4 1 3
0.000000 0.000000 0.000000 4 2 3
0.000000 0.000000 0.000000 5 1 2
0.000000 0.000000 0.000000 5 1 3
0.000000 0.000000 0.000000 5 2 3
0.000000 0.000000 0.000000 4 1 2
0.000000 0.000000 0.000000 4 1 3
0.000000 0.000000 0.000000 4 2 3
0.000000 0.000000 0.000000 4 1 2
0.000000 0.000000 0.000000 4 1 3
0.000000 0.000000 0.000000 4 2 3
0.000000 0.000000 0.000000 4 1 2
0.000000 0.000000 0.000000 4 1 3
0.000000 0.000000 0.000000 4 2 3
0.000000 0.000000 0.000000 4 1 2
0.000000 0.000000 0.000000 4 1 3
0.000000 0.000000 0.000000 4 2 3
0.000000 0.000000 0.000000 4 1 2
0.000000 0.000000 0.000000 4 1 3
0.000000 0.000000 0.000000 4 2 3
0.000000 0.000000 0.000000 4 1 2
0.000000 0.000000 0.000000 4 1 3
0.000000 0.000000 0.000000 4 2 3
0.000000 0.000000 0.000000 4 1 2
0.000000 0.000000 0.000000 4 1 3
0.000000 0.000000 0.000000 4 2 3
0.000000 0.000000 0.000000 4 1 2
0.000000 0.000000 0.000000 4 1 3
0.000000 0.000000 0.000000 4 2 3
0.000000 0.000000 0.000000 4 1 2
0.000000 0.000000 0.000000 4 1 3
0.000000 0.000000 0.000000 4 2 3
